StateCode Division YearMonth     PCP    TAVG    PDSI    PHDI    ZNDX    PMDI     CDD     HDD    SP01    SP02    SP03    SP06    SP09    SP12    SP24    TMIN    TMAX 
      103       00    200601    3.63    40.7   -2.75   -2.75      .1   -2.65       4     799     .58    -.32    -.15    -.22    -.98   -1.17     .26    31.5    49.8 
      103       00    200602    1.48    33.7   -3.05   -3.05   -1.73   -3.05       0     914    -1.3    -.26      -1   -1.04    -.85   -1.37      .2    23.6    43.8 
      103       00    200603    3.69    43.8   -2.86   -2.86    -.38   -2.86       3     719    -.04    -.78    -.28   -1.01    -.56   -1.14     .07    33.4    54.2 
      103       00    200604    4.14    58.5   -2.74   -2.74    -.53   -2.74      20     265     .26      .1    -.45    -.52    -.48   -1.12     .13    45.8    71.3 
      103       00    200605    3.97    62.2   -2.55   -2.55    -.27   -2.55      59     176    -.23    -.05    -.12    -.71     -.9    -.77     -.2    51.2    73.2 
      103       00    200606     3.8      71   -2.38   -2.38    -.28   -2.38     174      26    -.37    -.46    -.27    -.42    -.92    -.62    -.26    59.6    82.5 
      103       00    200607    4.28    76.6     .12   -2.01     .35   -1.79     341       0     .22    -.19    -.33    -.55     -.6    -.58    -.36    65.8    87.4 
      103       00    200608    4.11    76.1     .25   -1.66     .44   -1.19     313       5     .52     .49     .02    -.16    -.61    -.79     -.4    65.4    86.7 
      103       00    200609    4.52    64.1     .97    -.75    2.22     .71      60     108     .91     .93     .86     .24     .01    -.52    -.13    53.5    74.7 
      103       00    200610    4.42    52.8     1.9     1.9    3.11     1.9       4     416    1.09    1.32    1.34      .6     .22     .06    -.12    41.7    63.8 
      103       00    200611    3.23    45.8    2.13    2.13    1.26    2.13       0     601     .12     .84    1.06     .76     .52     .03    -.37    35.6      56 
      103       00    200612    3.24    38.8    2.08    2.08     .52    2.08       0     847     .14     .15     .68     .97     .54     .37    -.36      29    48.5 
      103       00    200701     3.7    33.9    2.25    2.25    1.17    2.25       0    1000     .63     .48     .37    1.06     .64     .35    -.56    25.7    42.1 
      103       00    200702     2.3    26.1    -.15    1.87    -.45    1.61       0    1166    -.26     .26     .23     .86     .68      .5    -.59      17    35.3 
      103       00    200703    3.11    50.1    -.86     .95   -2.19    -.33      14     549    -.51    -.62    -.13     .35     .65     .36    -.51    38.6    61.7 
      103       00    200704     3.8    51.4    -.68     .95     .28     -.2       1     447    -.01     -.4     -.5    -.16      .6     .29    -.54      40    62.8 
      103       00    200705    2.65    66.9   -1.54   -1.54    -2.8   -1.54     125      96   -1.26    -.92   -1.01    -.69     .05     .04    -.48    54.2    79.6 
      103       00    200706    3.71    72.7   -1.72   -1.72    -.99   -1.72     224      13    -.45   -1.12    -.96    -.82    -.38    -.01    -.41    60.9    84.5 
      103       00    200707    3.43    73.6   -1.84   -1.84     -.9   -1.84     250       6    -.61    -.71   -1.17   -1.18    -.83    -.18    -.51    62.4    84.8 
      103       00    200708    3.49      79   -2.22   -2.22    -1.7   -2.22     389       2    -.13    -.63    -.75   -1.21    -.94     -.3    -.69    67.1      91 
      103       00    200709    2.44    70.1   -2.78   -2.78   -2.37   -2.78     160      34    -.84     -.7    -.97   -1.31   -1.22    -.73    -.77    57.2    82.9 
      103       00    200710    4.05    60.7   -2.51   -2.51    -.06   -2.47      41     188     .85     .03    -.06    -.97   -1.11    -.81    -.47    49.1    72.2 
      103       00    200711    2.47    44.2   -2.92   -2.92   -1.99   -2.92       0     664     -.5     .26    -.27    -.67    -1.1    -.93    -.57    33.4      55 
      103       00    200712    4.67    35.4     .34   -2.28    1.02   -1.79       0     974    1.25     .49      .8    -.04    -.57     -.6    -.16    27.2    43.5 
      103       00    200801    2.59    30.6     .24   -2.11     -.2   -1.65       0    1114    -.15     .64     .19     .05    -.64    -.79     -.3    20.9    40.3 
      103       00    200802    4.44    32.1    1.13    -.98    2.74     .61       0     989    1.43     .79     1.3     .63     .11     -.4     .11    23.4    40.8 
      103       00    200803     6.1      42    2.15    2.15    3.43    2.15       2     786    1.63    1.99    1.48    1.66     .84     .17     .38    31.6    52.3 
      103       00    200804     4.8    53.5    2.38    2.38    1.34    2.38       2     370     .75    1.52    1.84    1.56    1.22     .37     .43      42    64.8 
      103       00    200805    5.23    60.4    2.68    2.68    1.64    2.68      40     225     .63     .85    1.47    1.94    1.39     .87     .58    48.9    71.9 
      103       00    200806     5.4      73    2.91    2.91    1.53    2.91     229      12     .91     .93    1.06    1.71       2    1.25     .82      62      84 
      103       00    200807    5.01    74.6    3.26    3.26    1.93    3.26     281       3     .87     1.1    1.11    2.11    1.97     1.6     .95    63.7    85.6 
      103       00    200808    2.31    72.5    2.51    2.51   -1.23    1.96     226      13   -1.57    -.31     .29    1.46    1.91    1.38     .71    61.1    83.9 
      103       00    200809    4.43    68.2    2.76    2.76    1.52    2.75     127      49     .85    -.15      .3     .99    1.72    1.88     .73    56.7    79.7 
      103       00    200810    2.37    54.8    2.47    2.47    -.01     2.4       8     355    -.39      .2    -.47     .48    1.65    1.49     .49    42.6    67.1 
      103       00    200811    2.11    42.2    1.94    1.94    -.83    1.46       0     711    -.81    -.92    -.29    -.08      .9    1.39     .33    32.2    52.2 
      103       00    200812    4.99    32.4    2.72    2.72    2.94    2.72       0    1074    1.48     .47     .09     .16     .76    1.41     .63    22.4    42.3 
      103       00    200901    2.47    26.1    2.32    2.32    -.35    2.11       0    1295    -.25     .73     .13    -.24     .42    1.33      .4    16.9    35.3 
      103       00    200902    2.26    35.9    1.84    1.84    -.72    1.27       0     876     -.3    -.51     .45     .01     .12     .91      .4    25.2    46.6 
      103       00    200903    3.58    45.7    1.38    1.38    -.81     .43       5     657    -.13    -.34    -.52    -.35    -.18     .39     .39    34.5    56.8 
      103       00    200904    5.01    53.2     1.8     1.8    1.69    1.49       3     397     .89     .48     .25     .17    -.11     .43     .52    41.9    64.5 
      103       00    200905    6.04    63.3    2.33    2.33    2.14    2.33      72     153    1.15    1.28     .94     .93     .58     .59     .97    52.5    74.1 
      103       00    200906    4.89    72.7    2.39    2.39     .89    2.39     211      19     .52    1.08    1.25     .54     .45     .47    1.18      62    83.4 
      103       00    200907    5.11      71    3.04    3.04     2.7    3.04     175      19     .95     .88    1.28     .96     .82     .48    1.52      61    80.9 
      103       00    200908    3.95    72.2    3.23    3.23    1.51    3.23     214      15     .36     .96     .93    1.36    1.26     .87    1.55    61.8    82.5 
      103       00    200909    3.88    66.8    3.35    3.35    1.37    3.35     100      69     .44      .5     .87    1.57     .91     .78    1.74    56.7    76.8 
      103       00    200910    7.13    51.7    5.51    5.51    7.51    5.51       3     440    2.54    2.37    2.18    3.03    2.11    1.85    2.22    42.4      61 
      103       00    200911    1.81    48.2    4.69    4.69    -.76    4.36       0     534   -1.09    1.47    1.33    1.58    1.78    1.76    1.97    37.8    58.6 
      103       00    200912    3.87    32.1    4.77    4.77     1.7    4.77       0    1057     .65    -.27    1.44    1.62    1.94    1.46    2.16    24.3    39.8 
      103       00    201001     2.6    26.2    -.06    4.22    -.19    4.09       0    1241    -.14     .24    -.42    1.07    1.61    1.41    1.98      19    33.5 
      103       00    201002    2.09    28.2    -.31    3.53    -.76    3.06       0    1059    -.49    -.54    -.11     .85    1.12    1.41    1.64    20.4    35.9 
      103       00    201003    3.13    44.6    -.72    2.73   -1.32    1.72       3     667     -.5    -.74    -.78     .54     .81    1.32    1.18    34.4    54.9 
      103       00    201004    3.15    58.7    -1.3    1.79   -1.98     .04      19     245    -.59    -.77    -.95   -1.02      .4     .95     .92    45.4      72 
      103       00    201005    6.58    65.2     .82    2.43    2.47    1.56     101     120    1.47     .71     .29     .08      .8    1.03    1.08    54.4      76 
      103       00    201006    5.58    75.5    1.17    2.61     1.3    2.13     283       7    1.05    1.71    1.02     .24     .99     1.2    1.14    65.1    85.9 
      103       00    201007       5    77.6     1.5    2.79    1.35    2.71     369       0     .86     1.2    1.77     .59     .18    1.16    1.19    67.1      88 
      103       00    201008    3.03    77.1    -.34    2.16   -1.02    1.61     351       2    -.65     .22     .75     .61     .39    1.01     1.3    65.8    88.5 
      103       00    201009     3.6    68.2    -.26    1.99     .14    1.44     123      53     .22    -.22     .24     .91     .29     .98    1.18    55.6    80.8 
      103       00    201010    1.59      57    -.88    1.13   -1.96    -.21      16     289   -1.13    -.68    -.89     .69     .05    -.21    1.13    42.9    71.1 
      103       00    201011    4.02    45.2    -.76    1.04     .09    -.23       0     628     .71    -.25    -.16     .28     .41     .27    1.33    33.4      57 
      103       00    201012    1.99    27.3   -1.07     .55   -1.15   -1.06       0    1219      -1    -.09    -.71    -.44     .28    -.07    1.04    19.9    34.7 
      103       00    201101     1.7    26.6   -1.41   -1.41   -1.35   -1.41       0    1240   -1.03   -1.46    -.66   -1.01     .14    -.25     .85    18.4    34.9 
      103       00    201102    3.92    34.4     .62    -.64    1.86     .46       0     915    1.09     .05    -.61    -.54     -.1     .08    1.07    24.9    43.9 
      103       00    201103    4.35    44.2     .73     .73     .54     .73       4     711     .46     .99     .26    -.42    -.26      .3    1.12    34.6    53.9 
      103       00    201104    8.72    55.7    2.84    2.84    6.53    2.84       9     350     2.9    2.37    2.32    1.45     .72    1.47    1.67    44.4    67.1 
      103       00    201105    5.98      63    3.25    3.25    2.12    3.25      68     156    1.11    2.67    2.46     1.6    1.18    1.29     1.6    52.5    73.4 
      103       00    201106    5.03    73.5    3.22    3.22     .93    3.22     234      13     .63    1.12     2.6    2.02    1.34    1.21    1.69    62.8    84.3 
      103       00    201107    3.29    79.6    2.36    2.36   -1.61    1.65     431       0    -.76    -.05     .56     2.2    1.48     .83    1.47      69    90.3 
      103       00    201108    2.86    75.2    1.56    1.56   -1.66     .16     289       6    -.86   -1.27    -.48    2.02    1.13     .84    1.27    63.6    86.8 
      103       00    201109    4.79    65.1    2.12    2.12    2.17    1.55      74      93     1.1      .4    -.11    2.21     1.8    1.13     1.4    54.5    75.7 
      103       00    201110    2.67    55.2    1.89    1.89    -.06    1.25      10     336    -.14     .55      .1     .44    2.04    1.37     .83    42.8    67.6 
      103       00    201111    6.04    47.8    2.72    2.72    3.09    2.72       0     543    2.03    1.36    1.61     .87    2.35    1.81    1.35    37.9    57.6 
      103       00    201112    4.35    38.2     3.1     3.1    1.98     3.1       0     859    1.01    1.94    1.54    1.03    2.43    2.15     1.6    29.7    46.8 
      103       00    201201    2.88    35.5     .01    2.79     .02    2.73       1     969     .08     .62    1.57    1.17    1.27    2.31     1.5    25.6    45.4 
      103       00    201202    2.06    38.6    -.42    2.08   -1.25    1.46       0     786    -.52    -.37     .25    1.28     .77    2.04    1.48    29.2      48 
      103       00    201203    3.67    56.3   -1.18    1.06   -2.42    -.57      40     352    -.06    -.41    -.37     .86     .57    1.93    1.53    44.4    68.2 
      103       00    201204    2.72    55.6   -1.73   -1.73   -2.01   -1.73       8     349   -1.03     -.7    -.91     .56     .51     .68    1.46    43.3      68 
      103       00    201205    3.12    68.4   -2.38   -2.38    -2.5   -2.38     151      75    -.88   -1.28   -1.03    -.69     .36      .1     .91    56.2    80.7 
      103       00    201206    1.87    72.4   -3.27   -3.27   -3.39   -3.27     219      12   -2.21   -1.74   -1.95   -1.63    -.55    -.54     .41    59.3    85.5 
      103       00    201207    3.35    80.6   -3.99   -3.99   -3.17   -3.99     461       0     -.7    -1.8   -1.68   -1.77    -.65    -.53     .17    68.4    92.8 
      103       00    201208    3.15    73.9   -4.17   -4.17   -1.79   -4.17     257       8    -.51    -.98   -1.82   -1.78   -1.44    -.48     .24    61.2    86.6 
      103       00    201209    5.26    65.9     .78   -2.96    2.35      -2      83      84    1.41     .82     .31   -1.33   -1.35     -.4     .51    54.3    77.4 
      103       00    201210    3.79    53.8     1.1   -2.26    1.19    -.82       5     378     .68    1.38     .96    -.76   -1.11    -.16     .87      43    64.6 
      103       00    201211    1.26    42.5     .21    -2.8   -2.34   -2.21       0     709   -1.63    -.57      .3    -.92   -1.32   -1.12     .47    30.8    54.1 
      103       00    201212    3.68    39.7     .15   -2.55    -.11   -1.96       1     819      .5     -.7    -.22    -.06   -1.12   -1.25     .77    31.3    48.1 
      103       00    201301    4.58    33.4     .91   -1.51    2.33    -.08       0    1035    1.12     1.1     .11     .63    -.52    -.83     1.1    24.4    42.5 
      103       00    201302    2.54    33.4     .77   -1.41    -.14    -.06       0     945    -.02     .83     .93     .76    -.32    -.76      .9    24.5    42.4 
      103       00    201303    3.42    37.3     .69   -1.26     .01     .05       0     906    -.26    -.27      .5     .12     .19    -.82     .71    28.6      46 
      103       00    201304    5.82    52.5    1.61    1.61    2.97    1.61       2     420     1.4     .79     .62     .44     .86    -.23     .27    40.8    64.2 
      103       00    201305    5.12    63.8    1.74    1.74     .89    1.74      84     134     .56    1.24     .84    1.16    1.09     .17     .16    52.6    74.9 
      103       00    201306    5.55    71.8    2.21    2.21    1.96    2.21     196      19    1.02     .95    1.45     1.3     .95      .9     .22    61.5    82.2 
      103       00    201307    4.79    73.6    2.58    2.58    1.78    2.58     256       4     .68    1.07    1.04    1.06     .89    1.21     .42    63.7    83.6 
      103       00    201308     3.3    72.8    2.42    2.42     .32    2.42     231      11    -.34     .27     .76    1.15     1.4    1.29     .52    62.5    83.1 
      103       00    201309    2.74    68.3     1.9     1.9    -.82    1.48     122      55    -.54    -.62    -.17    1.04    1.08     .77     .28    56.4    80.2 
      103       00    201310    3.28    55.9    1.98    1.98     .82    1.85      12     322     .33    -.22    -.37     .49     .75     .65      .4    44.9    66.8 
      103       00    201311    2.96      41    1.91    1.91     .43     1.9       0     755    -.09     .11    -.26     .22     .71    1.02    -.03    30.8    51.1 
      103       00    201312    4.26    32.4    2.45    2.45    2.19    2.45       0    1065     .95     .53     .52     .19    1.03    1.14    -.04    23.4    41.4 
      103       00    201401    1.95    23.6    1.85    1.85   -1.03    1.35       0    1359    -.74      .1    -.04    -.29     .34     .57    -.16    12.7    34.5 
      103       00    201402    2.94    27.1    1.83    1.83      .5    1.48       0    1140     .34    -.41     .19    -.14     .23     .64    -.05    17.3    36.8 
      103       00    201403    2.35      38    1.09    1.09   -1.65       0       0     910   -1.19     -.7   -1.11    -.37    -.41     .41    -.26      26      50 
      103       00    201404    5.31    54.4    1.61    1.61     1.9    1.27       5     371    1.08     .01     .14    -.03    -.22     .31     .04    41.9    66.9 
      103       00    201405    3.54    64.3    1.05    1.05   -1.19     .19      83     141    -.55     .31    -.35    -.24    -.34       0     .09    52.8    75.8 
      103       00    201406    5.77    72.9    1.62    1.62    2.02    1.46     226      12    1.19     .28     .76    -.11     .12     .01     .61      63    82.9 
      103       00    201407    3.38    71.2    1.47    1.47     .08    1.28     184      16    -.67     .41    -.08    -.03    -.13    -.27     .62    60.4    82.1 
      103       00    201408    4.78    73.9    2.09    2.09     2.3    2.09     258       9    1.16     .32     .91     .18      .2     .04      .9    63.6    84.2 
      103       00    201409    3.07    66.3     1.9     1.9     .08    1.87      90      80    -.24     .51     .04     .56    -.12     .12     .62      55    77.7 
      103       00    201410    5.16    56.1    2.93    2.93    3.67    2.93      12     330    1.52     .95    1.33      .8     .69     .52     .86    45.3    66.8 
      103       00    201411    2.23    37.7    2.87    2.87     .73    2.87       0     850    -.71     .71     .36     .77     .39     .37     .96    28.1    47.3 
      103       00    201412    2.79    37.1     2.6     2.6     .07    2.56       0     903    -.25    -.65     .39     .22     .62     .12     .93    30.4    43.7 
      103       00    201501    1.94    29.2    1.98    1.98   -1.04    1.45       0    1180    -.75    -.75      -1     .13     .05      .1     .49    20.1    38.3 
      103       00    201502    2.26    23.4    1.61    1.61    -.51     .82       0    1239     -.3     -.9    -.96    -.35     .13    -.06     .45    13.3    33.5 
      103       00    201503    4.01    41.6    1.57    1.57     .38      .9       2     798     .21    -.08    -.57    -.16    -.16     .25     .46    30.6    52.6 
      103       00    201504    4.96    55.6    1.81    1.81    1.19    1.54       7     338     .86     .66      .4    -.53      .3     .18     .31    43.8    67.4 
      103       00    201505    4.56    65.6    1.57    1.57    -.15    1.18     107     110     .19     .62     .54    -.19     .05     .38     .23    54.3    76.9 
      103       00    201506    7.36    72.8    2.82    2.82    4.25    2.82     211      19    2.28    1.58    1.59     .77     .82     .68     .47    63.1    82.4 
      103       00    201507    6.69    75.1    3.99    3.99    4.37    3.99     280       5    2.17    3.09    2.43    1.79      .9     1.4     .75    65.6    84.6 
      103       00    201508    3.31    72.1    3.75    3.75     .51    3.75     213      14    -.33    1.59    2.81     2.3    1.14    1.12     .78    61.2    82.9 
      103       00    201509    2.86      70    3.11    3.11    -.76    2.76     163      28    -.43    -.53     .84    1.87    1.11    1.11     .83    58.4    81.6 
      103       00    201510    2.53    56.7    2.76    2.76     -.1    2.31      15     298    -.25    -.57    -.66    1.39    1.26     .53     .78    45.2    68.2 
      103       00    201511    5.11    48.8     3.2     3.2    2.19     3.2       1     519    1.45     .84     .38    1.97    1.77    1.16    1.04    38.4    59.2 
      103       00    201512    6.43    44.7    4.23    4.23    4.07    4.23       5     667    2.43    2.39    1.93    2.02    2.45    1.84    1.48    36.1    53.3 
