StateCode Division YearMonth     PCP    TAVG    PDSI    PHDI    ZNDX    PMDI     CDD     HDD    SP01    SP02    SP03    SP06    SP09    SP12    SP24    TMIN    TMAX 
       41       07    200601     .99    58.4   -3.37   -3.37    -2.6   -3.37      49     254    -.68    -1.5   -1.42   -1.55   -1.37   -1.11     .58    44.3    72.5 
       41       07    200602     .98    55.4   -3.83   -3.83   -2.42   -3.83      17     286    -.81   -1.13   -1.65   -1.62   -1.64   -1.48     .44    42.6    68.3 
       41       07    200603    1.62    67.2    -4.1    -4.1   -2.01    -4.1     147      78    -.25    -.81    -.98   -1.27   -1.35   -1.81     .42    56.3    78.1 
       41       07    200604    1.27    75.3   -4.81   -4.81    -3.4   -4.81     309       0    -.92    -.84   -1.14   -1.56   -1.72   -1.63       0    63.6    86.9 
       41       07    200605    3.01    78.6   -5.09   -5.09   -2.32   -5.09     422       0     -.3    -.84    -.83   -1.51   -1.61   -1.68     -.1    66.1      91 
       41       07    200606    2.93    81.7   -5.23   -5.23   -1.98   -5.23     501       0     .04    -.28    -.68   -1.08   -1.28   -1.37    -.71    70.2    93.2 
       41       07    200607    3.92    83.7   -4.75   -4.75    -.19   -4.75     580       0     .92     .56     .18    -.51   -1.02   -1.27    -.52    73.6    93.8 
       41       07    200608     .69    86.2    -5.2    -5.2    -2.8    -5.2     657       0   -1.08     .05       0    -.64   -1.17   -1.36    -.67    74.6    97.8 
       41       07    200609    5.01    78.8   -4.44   -4.44     .66   -4.14     414       0      .7    -.01     .37     -.3    -.69      -1    -.54    67.6    90.1 
       41       07    200610    3.85      72   -3.87   -3.87     .33   -3.39     229      12     .45     .67     .22     .14    -.37    -.83    -.68    60.5    83.5 
       41       07    200611     .52    63.9   -4.29   -4.29   -2.45   -4.29      83     116   -1.36    -.29     .11    -.01    -.49    -.95   -1.35    51.5    76.3 
       41       07    200612    3.21    54.8     .16   -3.69     .48   -3.45      14     330     .69    -.33       0     .17     -.3    -.62    -.97    44.4    65.3 
       41       07    200701    5.96    48.7    1.33   -2.12    3.56    -.47       8     513       2    1.88     .92     .58     .46    -.02    -.73    39.9    57.4 
       41       07    200702     .18    55.1     .63   -2.47   -1.69   -1.45      16     293    -1.8     .95    1.01     .54     .38    -.08   -1.03    43.8    66.5 
       41       07    200703     6.8    66.4    2.26    2.26    5.08    2.26     133      90    2.57    1.31       2     1.1     1.1     .57    -.73      57    75.8 
       41       07    200704    2.71    65.8    2.22    2.22     .57    2.22      85      61     .08    1.57     .89    1.06     .81     .72    -.56    55.7    75.9 
       41       07    200705    5.13    75.2    2.44    2.44    1.34    2.44     316       0     .61     .42    1.41    1.49    1.09     .95    -.44    66.3      84 
       41       07    200706    4.84    80.6    2.88    2.88    2.08    2.88     468       0     .84     .87     .71    1.53    1.12    1.12    -.08    71.8    89.4 
       41       07    200707   10.75    80.5    5.67    5.67    9.25    5.67     480       0    2.66    2.35    2.27    2.12       2    1.69     .47    72.8    88.1 
       41       07    200708    3.96    83.2    6.66    6.66    4.73    6.66     564       0     .95    2.79    2.49    2.48    2.39    1.97     .63    74.2    92.3 
       41       07    200709    2.39    79.8    -.14    5.83    -.43    5.62     444       0    -.45     .21    2.04    1.92    2.36    1.92     .74      70    89.5 
       41       07    200710    1.64      72    -.43    4.93    -.91    4.33     229      12    -.57    -.81    -.18    1.57    1.62    1.65     .69    59.3    84.8 
       41       07    200711    2.27    63.2     -.5     4.3    -.34    3.54      73     127     .08    -.47    -.71    1.36    1.77    1.86     .79      52    74.4 
       41       07    200712     .85    56.6    -.99    3.32   -1.61    1.95      21     281   -1.06    -.61    -.84     .96    1.08    1.66      .7    43.2    69.9 
       41       07    200801    1.78    51.8   -1.12    2.75    -.69    1.14      14     423     .01    -.83    -.63    -.57    1.08    1.24     .79    40.2    63.4 
       41       07    200802       1    60.3   -1.71    1.76   -2.12    -.52      48     179    -.79    -.59   -1.09   -1.12     .81    1.32     .82    46.2    74.4 
       41       07    200803    2.02    63.4   -1.65    1.46    -.37    -.82      87     137     .06    -.57    -.47    -.91     .59      .8     .86      51    75.7 
       41       07    200804    2.21    69.7    -1.8     .99    -.97   -1.44     161      20    -.23    -.15    -.58    -.78    -.79     .72     .95    57.7    81.7 
       41       07    200805    1.25    78.5   -2.62   -2.62   -3.01   -2.62     418       0   -1.37   -1.21    -.99   -1.35   -1.35     .24     .84      68    88.9 
       41       07    200806     .58      85    -3.6    -3.6   -3.73    -3.6     600       0   -1.73   -2.22   -1.87   -1.58    -1.5    -.26     .64    73.6    96.4 
       41       07    200807    3.35    83.2   -3.41   -3.41    -.56   -3.41     564       0      .7    -.47   -1.34   -1.29   -1.24   -1.14     .55    72.2    94.3 
       41       07    200808    4.03    83.9   -2.78   -2.78     .85   -2.38     586       0     .97       1     .13    -.64    -.98    -1.1      .8    73.6    94.1 
       41       07    200809     .98    78.1   -3.32   -3.32   -2.47   -3.32     393       0   -1.52    -.26     .03   -1.32   -1.26   -1.34     .48    65.8    90.5 
       41       07    200810     1.4    69.8   -3.44   -3.44   -1.41   -3.44     173      24    -.72   -1.81    -.66   -1.47   -1.48   -1.47     .25    55.7    83.8 
       41       07    200811     .83    62.9   -3.79   -3.79   -2.11   -3.79      69     132   -1.02   -1.23   -1.87   -1.24   -1.54   -1.71     .26    49.9      76 
       41       07    200812     .57    53.9   -4.12   -4.12   -2.15   -4.12      11     355   -1.42   -1.59   -1.61   -1.06   -1.83   -1.71      .1    41.2    66.6 
       41       07    200901     .34    53.9   -4.64   -4.64   -2.85   -4.64      21     365    -1.6   -2.13   -1.92   -1.67   -1.99    -1.9    -.35    39.7    68.2 
       41       07    200902     .48    61.7   -5.38   -5.38   -3.64   -5.38      63     155   -1.38   -2.21   -2.54    -2.6   -1.99   -2.11    -.31    48.3    75.1 
       41       07    200903    2.19    64.2   -5.11   -5.11    -.86   -5.11      99     123     .19    -.77   -1.26   -1.75   -1.47   -2.16    -.74    52.5    75.9 
       41       07    200904    4.45    69.4   -4.46   -4.46     .38   -4.26     154      22     .94     .76      .1   -1.07   -1.25   -1.69     -.6    57.5    81.3 
       41       07    200905       2    78.3    -4.9    -4.9    -2.7    -4.9     412       0    -.86    -.03     .03   -1.11    -1.7   -1.53    -.92    67.8    88.7 
       41       07    200906     .37    84.7   -5.81   -5.81   -4.26   -5.81     591       0   -2.05   -1.86    -.81   -1.32   -1.64   -1.52   -1.37    72.6    96.8 
       41       07    200907     .98    87.7   -6.25   -6.25    -3.1   -6.25     704       0    -.74   -3.09   -2.32   -1.27   -1.84   -1.81   -2.21    75.6    99.9 
       41       07    200908    1.27    87.1   -6.36   -6.36   -2.27   -6.36     685       0    -.45   -1.07   -2.86   -1.21    -1.9   -2.13   -2.26    74.8    99.4 
       41       07    200909    6.42    78.3     .62   -5.08    1.87   -4.34     399       0    1.15     .63     .12    -.59   -1.02   -1.43   -1.98      69    87.7 
       41       07    200910    7.62    70.4    1.86   -3.26    3.91   -1.07     187      20    1.54    1.66    1.33       0       0    -.65   -1.55    60.7    80.2 
       41       07    200911    3.88    61.3    2.32   -2.27    1.95     .55      49     160     .89    1.55    1.72     .59     .42    -.27    -1.4    49.6      73 
       41       07    200912     3.3    48.2    2.84   -1.27    2.29    2.14       0     521     .74     .95    1.51    1.21     .53     .04   -1.04    39.5    56.8 
       41       07    201001    3.23      50    3.18    3.18    1.88    3.18      10     475     .88     .99    1.12    1.54     .46     .38    -.96    39.5    60.6 
       41       07    201002    3.68    48.9    3.66    3.66    2.42    3.66       0     451    1.14    1.22    1.25    1.86     .98     .79    -.73    39.4    58.3 
       41       07    201003    2.12    59.3    3.52    3.52     .71    3.52      39     215     .14      .8     .96    1.62    1.43      .8    -.74    47.1    71.6 
       41       07    201004    2.31    68.6    3.14    3.14    -.05    3.06     136      28    -.16    -.06     .42      .9    1.48     .52    -.75    58.5    78.6 
       41       07    201005     3.2      78    2.65    2.65    -.51     2.3     403       0     -.2    -.36    -.26     .52    1.37     .65    -.58    67.6    88.4 
       41       07    201006    3.78      83    2.48    2.48     .33    2.22     540       0     .43     .05    -.09     .42    1.11    1.01    -.27    73.9    92.2 
       41       07    201007     5.5    83.3    3.16    3.16    2.79    3.16     567       0    1.43    1.18      .8     .75       1    1.39    -.11    75.1    91.6 
       41       07    201008     .43    86.1    2.27    2.27   -1.67    1.54     654       0   -1.58     .53     .61     .17     .63     1.3    -.43    74.5    97.7 
       41       07    201009    8.53    79.9    3.18    3.18    3.42    3.18     447       0    1.72     .98    1.51     .98    1.15    1.63     .16    70.4    89.4 
       41       07    201010     .05    70.3    -.65     2.2   -1.96    1.35     185      21   -2.25      .6     .09     .49     .54     .83     .03    56.2    84.3 
       41       07    201011    1.31    62.1   -1.02    1.54   -1.29     .15      58     145    -.58   -1.78     .23     .45     .16     .55     .06    49.4    74.8 
       41       07    201012     .79    54.7   -1.49     .81   -1.73    -1.2      13     333   -1.13   -1.15   -1.93     .06    -.08     .24     .16    41.8    67.6 
       41       07    201101    3.39    51.1    -1.1     .96     .71    -.68      12     443     .95       0    -.42    -.25     .16     .25     .41      40    62.1 
       41       07    201102     .45    55.4   -1.67   -1.67   -2.07   -1.67      17     286   -1.42    -.02    -.62    -.18     .08    -.12     .43    43.3    67.4 
       41       07    201103     .28    66.6   -2.43   -2.43   -2.77   -2.43     137      87   -1.71   -1.99    -.75   -1.64    -.33    -.37     .28    54.9    78.4 
       41       07    201104     .05    74.5   -3.42   -3.42   -3.74   -3.42     289       0   -2.42   -3.09   -2.91   -1.68   -1.25     -.7    -.09    61.8    87.2 
       41       07    201105    1.77    77.8   -4.02   -4.02   -2.84   -4.02     397       0      -1   -2.09   -2.73   -2.07   -1.16    -.85     -.1    66.8    88.8 
       41       07    201106    1.78    84.9    -4.6    -4.6   -2.98    -4.6     597       0    -.63   -1.23   -2.09    -1.9   -2.05   -1.07     .03    72.7    97.1 
       41       07    201107     .38    86.9   -5.28   -5.28   -3.48   -5.28     679       0   -1.76   -1.63   -1.96   -3.09   -2.27   -1.72    -.06    74.8      99 
       41       07    201108     .33      89   -5.85   -5.85   -3.33   -5.85     744       0   -1.89   -2.18   -3.08   -3.09   -2.82   -1.66    -.16    75.8   102.2 
       41       07    201109    1.17    82.5   -6.21   -6.21   -2.88   -6.21     525       0   -1.33   -2.06   -2.28   -3.09    -2.9   -2.67    -.69    68.1    96.9 
       41       07    201110    2.14    71.2   -5.89   -5.89    -.97   -5.89     208      16    -.28   -1.17   -1.95   -2.61   -3.09    -2.8   -1.17    57.6    84.7 
       41       07    201111     1.6    63.2   -5.74   -5.74   -1.38   -5.74      73     127    -.36    -.53   -1.17   -2.39   -3.09   -2.74   -1.34    50.5      76 
       41       07    201112    3.45      54   -4.89   -4.89     .79   -4.54      11     352     .81     .22     -.1   -1.57   -2.32   -2.17   -1.18    44.9      63 
       41       07    201201    2.94    56.6   -4.37   -4.37     .05   -3.95      36     296     .73     .93     .41    -.84   -1.61   -2.21   -1.26    44.1      69 
       41       07    201202    3.66    58.1   -3.58   -3.58    1.03   -2.73      30     224    1.13    1.12     1.2    -.09   -1.03   -1.86    -1.3    49.3      67 
       41       07    201203    4.16    67.6   -2.58   -2.58    1.88   -1.03     153      73    1.39    1.65    1.45     .67    -.48   -1.32   -1.13    57.7    77.5 
       41       07    201204     .93    73.3   -2.91   -2.91   -1.79   -1.99     255       6   -1.23     .21     .61     .57    -.44   -1.16   -1.31    61.5      85 
       41       07    201205    4.18    77.8   -2.67   -2.67    -.18   -1.78     397       0     .23    -.51      .2     .77    -.06     -.8   -1.25    67.5    88.1 
       41       07    201206    1.29    83.7   -3.05   -3.05   -1.97   -2.74     561       0      -1    -.44    -.94     .22    -.01    -.82   -1.49    72.3      95 
       41       07    201207    4.14      84   -2.55   -2.55     .58   -1.97     589       0     .99     .12     .12     .38     .43     -.3   -1.51    73.8      94 
       41       07    201208    1.42    85.7   -2.82   -2.82   -1.62   -2.77     642       0    -.33     .41    -.23    -.06     .45    -.18   -1.35    73.9    97.4 
       41       07    201209    4.74    79.7   -2.41   -2.41     .36   -2.15     441       0      .6     .15     .55    -.33     .42     .18   -1.74    68.1    91.4 
       41       07    201210    1.05    70.7   -2.75   -2.75   -1.77   -2.75     195      18    -.98    -.15     -.4    -.34    -.03     .11   -1.69    59.8    81.7 
       41       07    201211     .42    63.8   -3.34   -3.34   -2.61   -3.34      81     117   -1.49    -1.7    -.73    -.79    -.56    -.05   -1.73      51    76.5 
       41       07    201212     .71      58   -3.78   -3.78   -2.36   -3.78      29     246   -1.23   -1.79   -1.91    -.77   -1.18    -.41   -1.64    45.6    70.5 
       41       07    201301       3    54.5   -3.47   -3.47    -.24   -3.47      24     349     .76    -.23    -.92     -.9    -.74    -.43   -1.76    43.8    65.2 
       41       07    201302    1.16      59   -3.81   -3.81   -2.08   -3.81      37     205    -.63     .14    -.52    -.86    -.94    -.74   -1.78    46.8    71.2 
       41       07    201303     .57    61.8   -4.03   -4.03   -1.85   -4.03      65     164   -1.31   -1.32     -.5   -1.49    -.93   -1.29   -1.79    48.2    75.4 
       41       07    201304    3.51    67.3   -3.59   -3.59     .07   -3.51     110      41      .5    -.21    -.57    -.95   -1.04    -.91   -1.47    55.6    78.9 
       41       07    201305    2.88    75.1   -3.69   -3.69    -1.4   -3.69     313       0    -.36    -.05    -.47    -.67    -.94   -1.04    -1.4    64.9    85.4 
       41       07    201306    1.76    83.5   -4.22   -4.22   -2.74   -4.22     555       0    -.64    -.76     -.4    -.61   -1.28    -.93   -1.38    72.6    94.5 
       41       07    201307    2.31      84   -4.28   -4.28   -1.48   -4.28     589       0     .22    -.41    -.67    -.85   -1.07   -1.11   -1.11    72.9    95.1 
       41       07    201308    1.45    85.4   -4.47   -4.47    -1.9   -4.47     632       0    -.31    -.31    -.74    -.88    -.93   -1.07    -.98    73.3    97.5 
       41       07    201309    5.79    81.3   -3.69   -3.69     .95   -3.27     489       0     .96     .49     .35    -.12    -.35   -1.02     -.7    70.3    92.2 
       41       07    201310    5.34    71.7   -2.79   -2.79    1.58   -1.72     221      13     .94    1.14     .85     .16    -.14    -.47    -.43    60.7    82.6 
       41       07    201311    1.99    58.3   -2.53   -2.53    -.09   -1.47      24     225     -.1     .61      .9     .29    -.07    -.28    -.41    48.2    68.3 
       41       07    201312     .67    50.7   -2.73   -2.73   -1.38   -2.14       5     448   -1.28    -.84     .11     .23    -.11    -.31    -.48      40    61.4 
       41       07    201401      .8    49.3   -2.95   -2.95    -1.5   -2.82       9     495     -.9   -1.64   -1.19     .04    -.43    -.62    -.69    36.3    62.3 
       41       07    201402     .71    54.5    -3.3    -3.3   -1.96    -3.3      14     308    -1.1    -1.5   -1.94    -.03    -.45    -.66    -.96    43.7    65.2 
       41       07    201403    2.04    58.9   -2.86   -2.86     .28   -2.69      36     225     .08    -.72      -1     -.5    -.27    -.48   -1.19    47.4    70.4 
       41       07    201404     .75    69.4   -3.28   -3.28   -2.12   -3.28     154      22   -1.42     -.9   -1.31   -1.51    -.57    -.87   -1.24    57.8    80.8 
       41       07    201405    6.89    73.9   -2.34   -2.34    1.81   -1.55     279       0    1.21     .36     .31    -.66     .04    -.32      -1    63.1    84.7 
       41       07    201406    2.48    82.5   -2.42   -2.42    -.97   -1.98     525       0     -.2     .72     .12    -.44    -.37     -.2    -.86    73.6    91.4 
       41       07    201407    1.59      84   -2.59   -2.59   -1.26   -2.58     589       0    -.22    -.41     .45    -.36     -.8    -.24   -1.07    73.2    94.8 
       41       07    201408     .88      86   -3.08   -3.08   -2.27   -3.08     651       0    -.83    -.94   -1.01    -.37   -1.03    -.31   -1.08    74.2    97.8 
       41       07    201409    3.89    80.6   -2.93   -2.93    -.49   -2.93     468       0     .28    -.35    -.56    -.38    -.75     -.6   -1.24    70.6    90.5 
       41       07    201410    1.76    74.3   -3.17   -3.17   -1.62   -3.17     294       6    -.49     -.2    -.62    -.21    -.74   -1.07   -1.22    62.5    86.1 
       41       07    201411    4.46    57.1      .7   -2.14    2.11   -1.22      18     255    1.13      .3     .28    -.37     -.2    -.75    -.88    46.7    67.4 
       41       07    201412    1.91    57.1     .47   -2.08    -.49   -1.33      23     268    -.11     .68     .14    -.35    -.27     -.6     -.6    48.3    65.9 
       41       07    201501     3.2      49     .81   -1.47    1.18    -.24       8     504     .86     .42     .88     .05     .17    -.32    -.61      39    58.9 
       41       07    201502     .89    53.2     .41   -1.64    -.96    -.76      10     341     -.9      .1    -.07     .11    -.41    -.26    -.63    42.5    63.8 
       41       07    201503    6.05    60.3    2.03    2.03    4.99    2.03      48     194    2.27    1.29    1.28     .73     .28     .25    -.16    51.2    69.5 
       41       07    201504    5.68    71.5    2.68    2.68    2.57    2.68     206      11    1.43    2.08    1.65    1.55     .78     .83     .02    62.9    80.1 
       41       07    201505   11.19    76.4    4.32    4.32    5.73    4.32     353       0    2.37    2.59    2.82    2.15    1.73     1.3     .73    68.3    84.4 
       41       07    201506    4.69    81.1    4.52    4.52    1.94    4.52     483       0     .79     2.1    2.28    2.31    1.91    1.47     .94    72.2    90.1 
       41       07    201507     .72    84.6    4.12    4.12      .2    4.12     608       0   -1.06     .11     1.6    1.97    1.86     1.3     .78    74.5    94.7 
       41       07    201508    1.34    85.5     3.2     3.2   -1.48    2.57     636       0    -.39   -1.18    -.27    1.97    1.59    1.32     .75    73.5    97.4 
       41       07    201509    2.02    81.3    2.19    2.19   -2.03     .75     489       0    -.67    -.96   -1.35    1.29    1.54    1.23     .45    69.9    92.6 
       41       07    201510    7.98    74.1    3.12    3.12    3.45    2.93     288       6    1.63     .92     .61    1.46    1.87    1.85     .72    61.6    86.5 
       41       07    201511    2.91    63.5    2.99    2.99     .56    2.95      77     122     .43    1.43     .86     .45    1.99    1.73     .82    54.1    72.9 
       41       07    201512    2.36    57.9    2.74    2.74     .18    2.71      28     248      .2      .3    1.24     .19     1.6    1.82     .83    46.6    69.2 
