09/01/2008 00:00:00   -26.64   -16.39    31.28    238.4     28.1
09/01/2008 00:30:00   -24.76   -13.68    28.29    241.1     28.1
09/01/2008 01:00:00   -21.04   -10.25    23.40    244.0     28.1
09/01/2008 01:30:00   -25.51   -16.26    30.25    237.5     28.0
09/01/2008 02:00:00   -23.21   -13.04    26.62    240.7     27.9
09/01/2008 02:30:00   -25.92   -14.15    29.53    241.4     27.9
09/01/2008 03:00:00   -22.76   -14.71    27.10    237.1     27.9
09/01/2008 03:30:00   -22.50   -15.66    27.41    235.2     27.8
09/01/2008 04:00:00   -19.03   -18.48    26.53    225.8     27.8
09/01/2008 04:30:00   -16.99   -19.19    25.63    221.5     27.8
09/01/2008 05:00:00   -19.20   -16.19    25.11    229.9     27.8
09/01/2008 05:30:00   -16.22   -18.04    24.26    222.0     27.8
09/01/2008 06:00:00   -16.14   -15.83    22.61    225.6     27.8
09/01/2008 06:30:00   -15.34   -18.34    23.91    219.9     27.8
09/01/2008 07:00:00   -17.17   -17.68    24.65    224.2     27.8
09/01/2008 07:30:00   -16.16   -16.78    23.30    223.9     27.8
09/01/2008 08:00:00   -11.35   -15.01    18.82    217.1     27.8
09/01/2008 08:30:00   -12.96   -15.21    19.98    220.4     27.8
09/01/2008 09:00:00   -15.15   -19.17    24.43    218.3     27.8
09/01/2008 09:30:00   -13.07   -18.39    22.56    215.4     27.9
09/01/2008 10:00:00   -11.24   -16.66    20.10    214.0     27.9
09/01/2008 10:30:00   -10.85   -13.20    17.09    219.4     27.9
09/01/2008 11:00:00   -11.70   -16.90    20.55    214.7     27.9
09/01/2008 11:30:00   -11.82   -17.01    20.71    214.8     27.9
09/01/2008 12:00:00   -12.10   -13.44    18.08    222.0     27.8
09/01/2008 12:30:00   -10.25   -13.75    17.15    216.7     27.8
09/01/2008 13:00:00   -10.37   -18.03    20.80    209.9     27.8
09/01/2008 13:30:00   -12.08   -16.82    20.71    215.7     27.8
09/01/2008 14:00:00   -15.16   -17.34    23.03    221.2     27.9
09/01/2008 14:30:00   -12.74   -23.08    26.36    208.9     27.9
09/01/2008 15:00:00   -12.83   -20.40    24.10    212.2     27.9
09/01/2008 15:30:00    -6.54   -14.73    16.12    203.9     27.9
09/01/2008 16:00:00   -11.25   -18.23    21.42    211.7     28.0
09/01/2008 16:30:00    -8.06   -19.51    21.11    202.4     28.0
09/01/2008 17:00:00   -10.21   -25.70    27.65    201.7     28.1
09/01/2008 17:30:00   -13.57   -21.09    25.08    212.8     28.1
09/01/2008 18:00:00   -11.24   -20.62    23.48    208.6     28.2
09/01/2008 18:30:00   -13.04   -31.24    33.85    202.7     28.3
09/01/2008 19:00:00   -14.00   -29.73    32.86    205.2     28.4
09/01/2008 19:30:00   -15.43   -28.76    32.64    208.2     28.4
09/01/2008 20:00:00   -16.98   -23.36    28.88    216.0     28.5
09/01/2008 20:30:00   -18.44   -33.17    37.95    209.1     28.6
09/01/2008 21:00:00   -19.25   -31.19    36.65    211.7     28.6
09/01/2008 21:30:00   -17.53   -36.41    40.41    205.7     28.8
09/01/2008 22:00:00   -18.67   -32.36    37.36    210.0     28.9
09/01/2008 22:30:00   -19.79   -32.94    38.43    211.0     28.9
09/01/2008 23:00:00   -22.40   -29.61    37.13    217.1     28.9
09/01/2008 23:30:00   -20.05   -28.69    35.00    214.9     28.9
09/02/2008 00:00:00   -15.33   -17.52    23.28    221.2     28.9
09/02/2008 00:30:00   -19.89   -23.69    30.93    220.0     28.9
09/02/2008 01:00:00   -11.79   -10.87    16.04    227.3     28.9
09/02/2008 01:30:00   -24.17   -20.73    31.84    229.4     28.8
09/02/2008 02:00:00   -21.51   -16.18    26.92    233.0     28.7
09/02/2008 02:30:00   -21.34   -13.69    25.35    237.3     28.7
09/02/2008 03:00:00   -18.82    -8.17    20.52    246.5     28.8
09/02/2008 03:30:00   -18.58    -4.74    19.18    255.7     28.8
09/02/2008 04:00:00   -16.57    -4.86    17.27    253.7     28.8
09/02/2008 04:30:00   -10.75    -2.42    11.02    257.3     28.8
09/02/2008 05:00:00    -7.26    -3.30     7.97    245.6     28.7
09/02/2008 05:30:00    -3.67     1.10     3.83    286.7     28.7
09/02/2008 06:00:00    -2.77     2.98     4.07    317.1     28.6
09/02/2008 06:30:00    -3.30     4.45     5.54    323.4     28.5
09/02/2008 07:00:00    -1.95     2.72     3.35    324.4     28.5
09/02/2008 07:30:00    -1.88     4.71     5.07    338.2     28.5
09/02/2008 08:00:00    -0.99     3.48     3.62    344.1     28.4
09/02/2008 08:30:00     1.78     3.82     4.21     25.0     28.4
09/02/2008 09:00:00     5.40     5.66     7.82     43.7     28.4
09/02/2008 09:30:00     5.13     1.87     5.46     70.0     28.3
09/02/2008 10:00:00     4.12     1.84     4.51     65.9     28.3
09/02/2008 10:30:00     5.18     0.81     5.24     81.1     28.2
09/02/2008 11:00:00     7.30     4.03     8.34     61.1     28.2
09/02/2008 11:30:00     7.38     1.28     7.49     80.2     28.2
09/02/2008 12:00:00     4.37     1.05     4.49     76.5     28.2
09/02/2008 12:30:00     5.50     2.25     5.94     67.8     28.1
09/02/2008 13:00:00     5.67     2.81     6.33     63.6     28.1
09/02/2008 13:30:00     8.50     3.80     9.31     65.9     28.1
09/02/2008 14:00:00     7.12     4.83     8.60     55.8     28.1
09/02/2008 14:30:00     6.58     5.05     8.29     52.5     28.1
09/02/2008 15:00:00     6.27     1.41     6.43     77.3     28.2
09/02/2008 15:30:00     5.95     0.53     5.97     84.9     28.2
09/02/2008 16:00:00     3.48     2.44     4.25     55.0     28.2
09/02/2008 16:30:00     2.79     2.83     3.97     44.6     28.2
09/02/2008 17:00:00     3.30     3.62     4.90     42.4     28.3
09/02/2008 17:30:00     5.46     1.20     5.59     77.6     28.4
09/02/2008 18:00:00     6.30     0.76     6.35     83.1     28.4
09/02/2008 18:30:00     4.71     1.86     5.06     68.5     28.4
09/02/2008 19:00:00     6.66     1.88     6.92     74.2     28.7
09/02/2008 19:30:00     3.85     2.29     4.48     59.3     28.5
09/02/2008 20:00:00     1.49     0.66     1.63     66.1     28.6
09/02/2008 20:30:00     4.24     3.45     5.47     50.9     29.0
09/02/2008 21:00:00     3.32     2.12     3.94     57.4     29.2
09/02/2008 21:30:00     4.25     0.45     4.27     84.0     29.1
09/02/2008 22:00:00     2.07     3.86     4.38     28.2     29.2
09/02/2008 22:30:00     3.29     4.92     5.92     33.8     29.2
09/02/2008 23:00:00     3.35     6.37     7.20     27.7     29.2
09/02/2008 23:30:00     1.65     6.91     7.10     13.4     29.1
09/03/2008 00:00:00     2.82     4.34     5.18     33.0     29.1
09/03/2008 00:30:00     2.08     4.40     4.87     25.3     29.0
09/03/2008 01:00:00     4.50     2.69     5.24     59.1     28.9
09/03/2008 01:30:00     7.28     9.33    11.83     38.0     28.8
09/03/2008 02:00:00     6.21     8.35    10.41     36.6     28.7
09/03/2008 02:30:00     7.62    12.10    14.30     32.2     28.7
09/03/2008 03:00:00     6.22     8.41    10.46     36.5     28.7
09/03/2008 03:30:00     6.78     5.64     8.82     50.2     28.6
09/03/2008 04:00:00     6.01     6.53     8.87     42.6     28.6
09/03/2008 04:30:00     6.78     6.28     9.24     47.2     28.6
09/03/2008 05:00:00     7.12     2.78     7.64     68.7     28.6
09/03/2008 05:30:00     5.45     2.33     5.93     66.9     28.6
09/03/2008 06:00:00     6.05     1.57     6.25     75.5     28.5
09/03/2008 06:30:00     4.12    -2.04     4.60    116.3     28.5
09/03/2008 07:00:00     3.46    -1.22     3.67    109.4     28.5
09/03/2008 07:30:00     4.70    -1.02     4.81    102.2     28.5
09/03/2008 08:00:00     4.32    -0.88     4.41    101.5     28.4
09/03/2008 08:30:00     2.13    -3.02     3.70    144.8     28.4
09/03/2008 09:00:00     1.20    -2.82     3.06    156.9     28.4
09/03/2008 09:30:00     2.98    -3.49     4.59    139.5     28.4
09/03/2008 10:00:00     2.18    -4.84     5.31    155.8     28.4
09/03/2008 10:30:00     1.86    -4.13     4.53    155.8     28.4
09/03/2008 11:00:00     1.74    -6.48     6.71    165.0     28.3
09/03/2008 11:30:00    -1.08    -8.01     8.08    187.7     28.3
09/03/2008 12:00:00     0.23    -4.16     4.17    176.8     28.3
09/03/2008 12:30:00    -0.74    -7.62     7.66    185.5     28.3
09/03/2008 13:00:00    -0.05    -6.38     6.38    180.4     28.3
09/03/2008 13:30:00     0.18    -4.51     4.51    177.7     28.3
09/03/2008 14:00:00     0.58    -7.49     7.51    175.6     28.3
09/03/2008 14:30:00    -1.34    -9.55     9.64    188.0     28.3
09/03/2008 15:00:00    -3.47   -12.63    13.10    195.4     28.3
09/03/2008 15:30:00    -3.19   -10.88    11.34    196.3     28.3
09/03/2008 16:00:00    -2.68   -13.33    13.60    191.4     28.4
09/03/2008 16:30:00    -4.76   -11.10    12.08    203.2     28.4
09/03/2008 17:00:00    -5.13   -12.16    13.20    202.9     28.5
09/03/2008 17:30:00    -7.30   -10.62    12.89    214.5     28.6
09/03/2008 18:00:00    -3.18    -5.99     6.78    208.0     28.6
09/03/2008 18:30:00    -4.83    -6.03     7.73    218.7     28.6
09/03/2008 19:00:00    -5.55    -5.03     7.49    227.8     28.7
09/03/2008 19:30:00    -3.43    -4.21     5.43    219.2     28.8
09/03/2008 20:00:00    -5.68    -5.52     7.92    225.8     28.9
09/03/2008 20:30:00    -6.03    -4.46     7.50    233.5     28.9
09/03/2008 21:00:00    -4.43    -2.94     5.32    236.4     28.9
09/03/2008 21:30:00    -4.47    -1.87     4.85    247.3     28.9
09/03/2008 22:00:00    -5.09    -2.27     5.57    246.0     28.9
09/03/2008 22:30:00    -4.56    -1.77     4.89    248.8     28.9
09/03/2008 23:00:00    -4.90    -1.26     5.06    255.6     28.9
09/03/2008 23:30:00    -8.48    -1.29     8.58    261.4     28.9
09/04/2008 00:00:00    -8.44    -0.37     8.45    267.5     28.9
09/04/2008 00:30:00    -4.89     0.96     4.98    281.1     28.8
09/04/2008 01:00:00    -4.02    -1.54     4.30    249.0     28.8
09/04/2008 01:30:00    -5.95    -0.16     5.95    268.5     28.7
09/04/2008 02:00:00    -3.77     1.79     4.17    295.4     28.7
09/04/2008 02:30:00    -2.34     0.00     2.34    270.0     28.7
09/04/2008 03:00:00    -4.07     1.33     4.28    288.1     28.6
09/04/2008 03:30:00    -1.10     0.09     1.10    274.7     28.6
09/04/2008 04:00:00    -3.39    -0.44     3.42    262.6     28.6
09/04/2008 04:30:00    -2.99     1.22     3.23    292.2     28.6
09/04/2008 05:00:00    -1.72    -1.31     2.16    232.7     28.6
09/04/2008 05:30:00    -1.73    -3.80     4.18    204.5     28.6
09/04/2008 06:00:00    -3.27    -2.36     4.03    234.2     28.6
09/04/2008 06:30:00    -2.88    -3.38     4.44    220.4     28.6
09/04/2008 07:00:00    -2.76    -2.98     4.06    222.8     28.5
09/04/2008 07:30:00    -3.86    -3.34     5.10    229.1     28.5
09/04/2008 08:00:00    -2.73    -4.23     5.03    212.8     28.5
09/04/2008 08:30:00    -5.67    -6.30     8.48    222.0     28.5
09/04/2008 09:00:00    -7.50    -5.26     9.16    235.0     28.5
09/04/2008 09:30:00    -7.04    -7.33    10.16    223.8     28.5
09/04/2008 10:00:00    -9.44    -8.84    12.93    226.9     28.5
09/04/2008 10:30:00   -10.74    -8.58    13.75    231.4     28.5
09/04/2008 11:00:00   -11.26    -9.99    15.05    228.4     28.4
09/04/2008 11:30:00   -11.82    -8.87    14.78    233.1     28.4
09/04/2008 12:00:00    -5.85    -6.82     8.99    220.6     28.4
09/04/2008 12:30:00   -10.62   -12.62    16.49    220.1     28.4
09/04/2008 13:00:00   -10.76   -11.60    15.82    222.8     28.4
09/04/2008 13:30:00   -11.00   -10.18    14.99    227.2     28.4
09/04/2008 14:00:00   -11.19   -12.94    17.11    220.9     28.4
09/04/2008 14:30:00   -12.77   -14.75    19.51    220.9     28.4
09/04/2008 15:00:00   -13.69   -12.03    18.22    228.7     28.4
09/04/2008 15:30:00   -15.31   -15.35    21.68    224.9     28.4
09/04/2008 16:00:00   -15.48   -14.13    20.96    227.6     28.4
09/04/2008 16:30:00   -13.61   -14.33    19.76    223.5     28.4
09/04/2008 17:00:00   -16.64   -14.95    22.37    228.1     28.4
09/04/2008 17:30:00   -12.55   -10.72    16.51    229.5     28.4
09/04/2008 18:00:00   -15.79   -14.66    21.55    227.1     28.5
09/04/2008 18:30:00   -18.59   -12.91    22.63    235.2     28.6
09/04/2008 19:00:00   -17.58   -10.92    20.70    238.2     28.6
09/04/2008 19:30:00   -14.05    -6.41    15.44    245.5     28.6
09/04/2008 20:00:00   -18.50    -6.29    19.54    251.2     28.7
09/04/2008 20:30:00   -17.00    -4.61    17.61    254.8     28.7
09/04/2008 21:00:00   -20.69    -6.37    21.65    252.9     28.8
09/04/2008 21:30:00   -19.49    -2.36    19.63    263.1     28.8
09/04/2008 22:00:00   -17.87    -3.08    18.13    260.2     28.8
09/04/2008 22:30:00   -17.48     2.01    17.60    276.6     28.8
09/04/2008 23:00:00   -16.46     1.09    16.50    273.8     28.8
09/04/2008 23:30:00   -12.45     4.04    13.09    288.0     28.8
09/05/2008 00:00:00   -10.46     3.96    11.18    290.7     28.8
09/05/2008 00:30:00   -10.60     4.77    11.62    294.2     28.8
09/05/2008 01:00:00    -3.48     2.50     4.28    305.7     28.7
09/05/2008 01:30:00    -7.25     7.20    10.22    314.8     28.7
09/05/2008 02:00:00    -4.69     7.90     9.19    329.3     28.7
09/05/2008 02:30:00    -3.61     8.83     9.54    337.8     28.7
09/05/2008 03:00:00    -3.59     9.69    10.33    339.7     28.7
09/05/2008 03:30:00    -1.09    10.26    10.32    353.9     28.7
09/05/2008 04:00:00    -0.62    11.38    11.40    356.9     28.7
09/05/2008 04:30:00     0.66     8.52     8.55      4.4     28.7
09/05/2008 05:00:00     2.26     9.42     9.69     13.5     28.6
09/05/2008 05:30:00     2.42    10.99    11.25     12.4     28.6
09/05/2008 06:00:00     2.05    11.28    11.46     10.3     28.6
09/05/2008 06:30:00     5.34    11.18    12.39     25.5     28.6
09/05/2008 07:00:00     6.27    13.01    14.44     25.7     28.6
09/05/2008 07:30:00     7.09     9.06    11.50     38.0     28.6
09/05/2008 08:00:00     6.92     9.29    11.58     36.7     28.6
09/05/2008 08:30:00     9.53    13.28    16.35     35.7     28.6
09/05/2008 09:00:00     9.06    12.44    15.39     36.1     28.6
09/05/2008 09:30:00     9.38    12.88    15.93     36.1     28.6
09/05/2008 10:00:00    10.14    12.28    15.93     39.5     28.6
09/05/2008 10:30:00    10.73    11.93    16.05     42.0     28.6
09/05/2008 11:00:00     9.60    12.66    15.89     37.2     28.6
09/05/2008 11:30:00     9.39    12.79    15.87     36.3     28.5
09/05/2008 12:00:00    11.72    12.33    17.01     43.5     28.5
09/05/2008 12:30:00    11.85    12.22    17.02     44.1     28.5
09/05/2008 13:00:00     9.08     9.80    13.36     42.8     28.5
09/05/2008 13:30:00     9.60     8.96    13.13     47.0     28.5
09/05/2008 14:00:00    10.98     8.47    13.87     52.4     28.5
09/05/2008 14:30:00     7.74     6.14     9.88     51.6     28.5
09/05/2008 15:00:00    13.98     3.36    14.38     76.5     28.6
09/05/2008 15:30:00     7.79     2.87     8.30     69.8     28.6
09/05/2008 16:00:00    10.28     2.54    10.59     76.1     28.6
09/05/2008 16:30:00     4.12     0.59     4.16     81.9     28.6
09/05/2008 17:00:00     5.57     1.35     5.73     76.4     28.6
09/05/2008 17:30:00     3.39    -3.02     4.54    131.7     28.7
09/05/2008 18:00:00     2.40    -2.00     3.12    129.8     28.7
09/05/2008 18:30:00     0.99    -0.77     1.25    127.9     28.7
09/05/2008 19:00:00     1.04    -2.10     2.34    153.7     28.8
09/05/2008 19:30:00    -2.77     0.43     2.80    278.8     28.8
09/05/2008 20:00:00    -2.87    -1.90     3.44    236.5     28.8
09/05/2008 20:30:00    -4.88    -1.18     5.02    256.4     28.8
09/05/2008 21:00:00    -6.16     1.74     6.40    285.8     28.8
09/05/2008 21:30:00    -8.49     2.74     8.92    287.9     28.9
09/05/2008 22:00:00   -10.24     1.58    10.36    278.8     28.9
09/05/2008 22:30:00   -11.54     3.61    12.09    287.4     28.9
09/05/2008 23:00:00    -8.47     2.21     8.75    284.6     28.9
09/05/2008 23:30:00    -7.89     0.30     7.90    272.2     28.9
09/06/2008 00:00:00    -8.20     2.04     8.45    284.0     28.9
09/06/2008 00:30:00    -5.97     0.71     6.01    276.8     28.8
09/06/2008 01:00:00    -4.67    -1.89     5.04    248.0     28.8
09/06/2008 01:30:00    -5.05    -0.49     5.07    264.5     28.8
09/06/2008 02:00:00    -6.80    -1.67     7.00    256.2     28.8
09/06/2008 02:30:00    -6.48    -0.99     6.56    261.3     28.7
09/06/2008 03:00:00    -6.09    -2.96     6.77    244.1     28.7
09/06/2008 03:30:00    -7.93    -3.83     8.81    244.2     28.7
09/06/2008 04:00:00    -5.41    -4.42     6.99    230.8     28.7
09/06/2008 04:30:00    -3.82    -3.45     5.15    227.9     28.7
09/06/2008 05:00:00    -5.99    -5.45     8.10    227.7     28.7
09/06/2008 05:30:00    -5.86    -4.37     7.31    233.3     28.7
09/06/2008 06:00:00    -6.59    -6.95     9.58    223.5     28.6
09/06/2008 06:30:00    -6.23    -6.37     8.91    224.4     28.6
09/06/2008 07:00:00    -4.64    -7.46     8.79    211.9     28.6
09/06/2008 07:30:00    -4.78    -7.21     8.65    213.5     28.6
09/06/2008 08:00:00    -7.18    -7.32    10.25    224.4     28.6
09/06/2008 08:30:00    -7.72    -5.83     9.67    232.9     28.6
09/06/2008 09:00:00    -5.72    -8.00     9.83    215.6     28.6
09/06/2008 09:30:00    -7.66    -8.53    11.46    221.9     28.6
09/06/2008 10:00:00    -7.09    -7.92    10.63    221.8     28.6
09/06/2008 10:30:00    -6.74    -7.32     9.95    222.6     28.6
09/06/2008 11:00:00    -7.48    -9.33    11.96    218.7     28.6
09/06/2008 11:30:00    -8.68   -10.08    13.30    220.7     28.5
09/06/2008 12:00:00    -7.15   -10.62    12.80    214.0     28.5
09/06/2008 12:30:00    -8.28    -9.48    12.59    221.1     28.5
09/06/2008 13:00:00    -7.36    -9.15    11.74    218.8     28.5
09/06/2008 13:30:00    -6.08    -9.73    11.47    212.0     28.5
09/06/2008 14:00:00    -5.31    -9.19    10.61    210.0     28.5
09/06/2008 14:30:00    -7.10    -6.75     9.80    226.4     28.5
09/06/2008 15:00:00    -6.94    -9.75    11.97    215.4     28.5
09/06/2008 15:30:00    -9.11   -10.81    14.14    220.1     28.5
09/06/2008 16:00:00    -8.96   -10.66    13.93    220.0     28.6
09/06/2008 16:30:00   -11.14   -13.30    17.35    219.9     28.6
09/06/2008 17:00:00   -11.02   -10.93    15.52    225.2     28.6
09/06/2008 17:30:00   -11.88   -16.99    20.73    215.0     28.6
09/06/2008 18:00:00   -13.35   -13.80    19.20    224.1     28.6
09/06/2008 18:30:00   -18.49   -15.69    24.25    229.7     28.7
09/06/2008 19:00:00   -17.19   -15.28    23.00    228.4     28.7
09/06/2008 19:30:00   -17.91   -16.98    24.68    226.5     28.7
09/06/2008 20:00:00   -17.61   -16.47    24.11    226.9     28.7
09/06/2008 20:30:00   -18.84   -16.55    25.08    228.7     28.8
09/06/2008 21:00:00   -19.30   -14.79    24.32    232.5     28.8
09/06/2008 21:30:00   -20.88   -16.95    26.89    230.9     28.8
09/06/2008 22:00:00   -22.87   -15.25    27.49    236.3     28.8
09/06/2008 22:30:00   -17.62   -11.85    21.23    236.1     28.8
09/06/2008 23:00:00   -20.77   -14.55    25.36    235.0     28.8
09/06/2008 23:30:00   -19.35   -14.75    24.33    232.7     28.8
09/07/2008 00:00:00   -16.60   -12.64    20.86    232.7     28.7
09/07/2008 00:30:00   -16.32   -12.71    20.69    232.1     28.7
09/07/2008 01:00:00   -15.11   -13.00    19.93    229.3     28.7
09/07/2008 01:30:00   -15.38   -13.06    20.18    229.7     28.7
09/07/2008 02:00:00   -14.74   -14.98    21.02    224.5     28.7
09/07/2008 02:30:00   -14.17   -11.83    18.46    230.1     28.7
09/07/2008 03:00:00   -14.94   -12.97    19.78    229.0     28.6
09/07/2008 03:30:00   -15.31   -12.58    19.82    230.6     28.6
09/07/2008 04:00:00   -14.28   -13.70    19.79    226.2     28.6
09/07/2008 04:30:00   -12.69   -13.43    18.48    223.4     28.6
09/07/2008 05:00:00   -12.98   -13.10    18.44    224.7     28.6
09/07/2008 05:30:00   -14.04   -12.74    18.96    227.8     28.6
09/07/2008 06:00:00   -11.48   -13.54    17.75    220.3     28.6
09/07/2008 06:30:00   -14.11   -12.41    18.79    228.7     28.6
09/07/2008 07:00:00   -12.79   -12.18    17.66    226.4     28.6
09/07/2008 07:30:00    -8.05   -14.50    16.58    209.0     28.5
09/07/2008 08:00:00   -10.85   -13.07    16.99    219.7     28.5
09/07/2008 08:30:00   -10.47   -13.21    16.86    218.4     28.5
09/07/2008 09:00:00    -9.91   -14.47    17.54    214.4     28.5
09/07/2008 09:30:00   -10.44   -13.38    16.97    218.0     28.5
09/07/2008 10:00:00   -11.14   -13.62    17.60    219.3     28.5
09/07/2008 10:30:00   -11.13   -13.20    17.27    220.1     28.5
09/07/2008 11:00:00   -10.98   -10.04    14.88    227.6     28.5
09/07/2008 11:30:00   -11.27   -11.04    15.78    225.6     28.5
09/07/2008 12:00:00    -7.51    -9.69    12.26    217.8     28.5
09/07/2008 12:30:00    -8.56   -12.49    15.14    214.4     28.5
09/07/2008 13:00:00    -8.38   -13.26    15.69    212.3     28.5
09/07/2008 13:30:00    -9.87   -13.52    16.74    216.1     28.5
09/07/2008 14:00:00   -10.11   -14.57    17.73    214.8     28.5
09/07/2008 14:30:00    -9.00   -14.04    16.68    212.7     28.5
09/07/2008 15:00:00   -12.60   -14.90    19.51    220.2     28.5
09/07/2008 15:30:00   -12.87   -14.58    19.45    221.4     28.5
09/07/2008 16:00:00   -14.36   -16.63    21.97    220.8     28.6
09/07/2008 16:30:00   -11.50   -15.95    19.66    215.8     28.5
09/07/2008 17:00:00   -13.83   -17.23    22.09    218.8     28.6
09/07/2008 17:30:00   -13.81   -17.05    21.94    219.0     28.6
09/07/2008 18:00:00   -11.66   -19.22    22.48    211.2     28.5
09/07/2008 18:30:00   -16.20   -19.02    24.98    220.4     28.6
09/07/2008 19:00:00   -15.23   -14.67    21.15    226.1     28.6
09/07/2008 19:30:00   -12.88   -15.82    20.40    219.2     28.6
09/07/2008 20:00:00   -16.50   -18.55    24.83    221.7     28.6
09/07/2008 20:30:00   -17.20   -19.80    26.23    221.0     28.6
09/07/2008 21:00:00   -18.04   -19.57    26.62    222.7     28.6
09/07/2008 21:30:00   -14.81   -18.31    23.55    219.0     28.6
09/07/2008 22:00:00   -16.59   -19.52    25.62    220.4     28.6
09/07/2008 22:30:00   -14.15   -17.63    22.61    218.8     28.6
09/07/2008 23:00:00   -13.57   -17.19    21.90    218.3     28.6
09/07/2008 23:30:00   -14.90   -17.41    22.92    220.6     28.6
09/08/2008 00:00:00   -15.25   -17.91    23.52    220.4     28.6
09/08/2008 00:30:00   -15.73   -14.91    21.67    226.5     28.6
09/08/2008 01:00:00   -14.29   -16.81    22.06    220.4     28.6
09/08/2008 01:30:00   -17.40   -17.95    25.00    224.1     28.6
09/08/2008 02:00:00   -15.84   -19.33    24.99    219.3     28.6
09/08/2008 02:30:00   -18.83   -16.86    25.28    228.2     28.6
09/08/2008 03:00:00   -14.69   -15.65    21.46    223.2     28.5
09/08/2008 03:30:00   -15.30   -17.45    23.21    221.2     28.5
09/08/2008 04:00:00   -16.17   -17.49    23.82    222.8     28.5
09/08/2008 04:30:00   -15.56   -15.70    22.10    224.7     28.5
09/08/2008 05:00:00   -17.15   -16.27    23.64    226.5     28.5
09/08/2008 05:30:00   -16.12   -15.74    22.53    225.7     28.5
09/08/2008 06:00:00   -16.50   -18.60    24.86    221.6     28.5
09/08/2008 06:30:00   -15.35   -15.94    22.13    223.9     28.5
09/08/2008 07:00:00   -14.35   -15.84    21.37    222.2     28.5
09/08/2008 07:30:00   -15.62   -13.88    20.90    228.4     28.4
09/08/2008 08:00:00   -11.18   -13.53    17.55    219.6     28.4
09/08/2008 08:30:00   -11.27   -13.57    17.64    219.7     28.4
09/08/2008 09:00:00   -11.58   -15.14    19.06    217.4     28.4
09/08/2008 09:30:00   -13.84   -16.18    21.29    220.5     28.4
09/08/2008 10:00:00   -13.95   -12.43    18.68    228.3     28.4
09/08/2008 10:30:00    -9.07   -14.39    17.01    212.2     28.4
09/08/2008 11:00:00   -12.01   -13.49    18.06    221.7     28.4
09/08/2008 11:30:00   -13.36   -15.52    20.48    220.7     28.4
09/08/2008 12:00:00   -10.12   -14.27    17.49    215.3     28.4
09/08/2008 12:30:00    -9.77   -11.68    15.23    219.9     28.4
09/08/2008 13:00:00   -12.18   -12.39    17.37    224.5     28.4
09/08/2008 13:30:00   -10.28   -10.37    14.60    224.8     28.4
09/08/2008 14:00:00   -11.29   -12.04    16.51    223.2     28.4
09/08/2008 14:30:00    -9.07   -14.33    16.96    212.3     28.5
09/08/2008 15:00:00   -12.41   -14.55    19.12    220.5     28.5
09/08/2008 15:30:00   -11.40   -12.01    16.56    223.5     28.5
09/08/2008 16:00:00   -13.73   -12.61    18.64    227.4     28.5
09/08/2008 16:30:00   -14.44    -9.71    17.40    236.1     28.6
09/08/2008 17:00:00   -17.01    -8.79    19.15    242.7     28.6
09/08/2008 17:30:00   -14.87    -9.07    17.42    238.6     28.6
09/08/2008 18:00:00   -14.42    -8.79    16.89    238.6     28.6
09/08/2008 18:30:00   -16.35    -9.51    18.91    239.8     28.7
09/08/2008 19:00:00   -14.83    -9.17    17.44    238.3     28.7
09/08/2008 19:30:00   -16.69    -7.42    18.27    246.0     28.7
09/08/2008 20:00:00   -14.58    -5.44    15.56    249.5     28.8
09/08/2008 20:30:00   -16.65    -4.66    17.29    254.4     28.8
09/08/2008 21:00:00   -16.48    -4.88    17.19    253.5     28.9
09/08/2008 21:30:00   -17.02    -8.54    19.04    243.4     28.9
09/08/2008 22:00:00   -17.73    -6.45    18.87    250.0     28.9
09/08/2008 22:30:00   -15.27    -5.99    16.40    248.6     28.8
09/08/2008 23:00:00   -14.27    -7.19    15.98    243.3     28.8
09/08/2008 23:30:00   -12.68    -8.41    15.22    236.4     28.8
09/09/2008 00:00:00   -13.01    -9.50    16.11    233.9     28.7
09/09/2008 00:30:00    -8.66    -7.42    11.40    229.4     28.7
09/09/2008 01:00:00   -13.58    -9.51    16.58    235.0     28.6
09/09/2008 01:30:00   -13.84    -8.85    16.43    237.4     28.6
09/09/2008 02:00:00   -13.91    -8.91    16.52    237.4     28.6
09/09/2008 02:30:00   -13.97    -5.08    14.86    250.0     28.6
09/09/2008 03:00:00   -11.95    -7.76    14.25    237.0     28.6
09/09/2008 03:30:00   -12.50    -7.36    14.51    239.5     28.6
09/09/2008 04:00:00   -12.13    -8.59    14.86    234.7     28.6
09/09/2008 04:30:00   -10.05    -9.81    14.04    225.7     28.6
09/09/2008 05:00:00    -9.37    -7.64    12.09    230.8     28.6
09/09/2008 05:30:00    -8.45    -8.10    11.71    226.2     28.6
09/09/2008 06:00:00   -10.35    -7.67    12.88    233.5     28.6
09/09/2008 06:30:00    -7.27    -5.98     9.41    230.6     28.6
09/09/2008 07:00:00    -6.50    -9.91    11.85    213.3     28.6
09/09/2008 07:30:00    -9.57   -13.95    16.92    214.5     28.6
09/09/2008 08:00:00   -10.69    -8.97    13.95    230.0     28.6
09/09/2008 08:30:00    -8.24    -9.98    12.94    219.5     28.6
09/09/2008 09:00:00   -10.11   -10.62    14.66    223.6     28.6
09/09/2008 09:30:00   -10.46   -10.15    14.58    225.9     28.6
09/09/2008 10:00:00   -10.75   -11.97    16.09    221.9     28.6
09/09/2008 10:30:00   -11.53    -8.44    14.29    233.8     28.6
09/09/2008 11:00:00    -9.61   -10.85    14.49    221.5     28.6
09/09/2008 11:30:00   -10.31    -8.53    13.38    230.4     28.6
09/09/2008 12:00:00    -7.77    -6.88    10.38    228.5     28.5
09/09/2008 12:30:00    -9.99    -8.96    13.42    228.1     28.5
09/09/2008 13:00:00    -8.64    -8.81    12.34    224.4     28.5
09/09/2008 13:30:00    -8.38   -11.68    14.38    215.7     28.5
09/09/2008 14:00:00    -8.41   -10.20    13.22    219.5     28.5
09/09/2008 14:30:00    -7.51   -11.41    13.66    213.4     28.5
09/09/2008 15:00:00    -6.64   -12.59    14.23    207.8     28.6
09/09/2008 15:30:00    -6.17   -11.66    13.19    207.9     28.6
09/09/2008 16:00:00    -3.81    -9.42    10.16    202.0     28.6
09/09/2008 16:30:00    -9.52   -12.15    15.44    218.1     28.7
09/09/2008 17:00:00   -10.10   -11.65    15.42    220.9     28.7
09/09/2008 17:30:00    -8.79   -11.12    14.17    218.3     28.7
09/09/2008 18:00:00    -9.51   -12.08    15.37    218.2     28.8
09/09/2008 18:30:00   -12.02    -9.56    15.36    231.5     28.8
09/09/2008 19:00:00   -11.27   -12.52    16.85    222.0     28.9
09/09/2008 19:30:00   -13.67   -10.86    17.46    231.5     28.9
09/09/2008 20:00:00   -11.56    -9.87    15.20    229.5     28.9
09/09/2008 20:30:00   -10.20    -7.20    12.49    234.8     28.9
09/09/2008 21:00:00   -14.11    -9.48    17.00    236.1     28.9
09/09/2008 21:30:00   -12.82    -8.32    15.28    237.0     28.9
09/09/2008 22:00:00   -15.47   -11.76    19.43    232.8     28.8
09/09/2008 22:30:00   -11.50    -7.52    13.74    236.8     28.8
09/09/2008 23:00:00   -11.60    -8.48    14.37    233.8     28.8
09/09/2008 23:30:00   -13.98    -9.15    16.71    236.8     28.8
09/10/2008 00:00:00   -16.40    -8.74    18.58    241.9     28.7
09/10/2008 00:30:00   -12.90    -9.60    16.08    233.3     28.7
09/10/2008 01:00:00   -14.72   -13.24    19.80    228.0     28.7
09/10/2008 01:30:00   -11.85   -14.75    18.92    218.8     28.7
09/10/2008 02:00:00   -13.40   -15.25    20.30    221.3     28.7
09/10/2008 02:30:00   -11.17   -12.46    16.73    221.9     28.6
09/10/2008 03:00:00   -11.95   -11.04    16.27    227.3     28.6
09/10/2008 03:30:00   -11.39   -15.01    18.84    217.2     28.6
09/10/2008 04:00:00   -13.45   -14.26    19.60    223.3     28.6
09/10/2008 04:30:00   -11.90   -14.54    18.79    219.3     28.6
09/10/2008 05:00:00   -11.59   -13.87    18.07    219.9     28.6
09/10/2008 05:30:00   -12.11   -14.19    18.65    220.5     28.6
09/10/2008 06:00:00   -11.01   -12.59    16.73    221.2     28.6
09/10/2008 06:30:00   -12.56   -12.76    17.90    224.5     28.6
09/10/2008 07:00:00   -10.65   -14.11    17.68    217.0     28.6
09/10/2008 07:30:00   -11.07   -12.64    16.80    221.2     28.6
09/10/2008 08:00:00    -9.09   -14.94    17.49    211.3     28.6
09/10/2008 08:30:00    -8.74   -14.41    16.85    211.2     28.6
09/10/2008 09:00:00    -8.51   -15.69    17.85    208.5     28.6
09/10/2008 09:30:00    -9.48   -14.79    17.57    212.7     28.6
09/10/2008 10:00:00   -10.64   -13.61    17.28    218.0     28.6
09/10/2008 10:30:00    -9.62   -13.18    16.32    216.1     28.6
09/10/2008 11:00:00    -8.44   -14.42    16.71    210.3     28.6
09/10/2008 11:30:00   -10.28   -13.83    17.23    216.6     28.6
09/10/2008 12:00:00    -7.44   -10.72    13.05    214.8     28.6
09/10/2008 12:30:00    -9.23   -14.23    16.96    213.0     28.6
09/10/2008 13:00:00    -7.92   -12.69    14.96    212.0     28.6
09/10/2008 13:30:00    -6.84   -14.32    15.87    205.5     28.6
09/10/2008 14:00:00    -7.45   -11.01    13.29    214.1     28.6
09/10/2008 14:30:00    -8.93   -15.02    17.47    210.7     28.6
09/10/2008 15:00:00    -5.13   -13.32    14.27    201.1     28.6
09/10/2008 15:30:00   -12.26   -15.81    20.01    217.8     28.6
09/10/2008 16:00:00    -9.68   -13.58    16.68    215.5     28.6
09/10/2008 16:30:00   -12.62   -14.76    19.42    220.5     28.6
09/10/2008 17:00:00    -7.43    -9.93    12.40    216.8     28.6
09/10/2008 17:30:00   -12.85   -13.92    18.94    222.7     28.6
09/10/2008 18:00:00   -11.24   -12.78    17.02    221.3     28.6
09/10/2008 18:30:00   -20.13   -16.19    25.83    231.2     28.6
09/10/2008 19:00:00   -19.11   -21.24    28.57    222.0     28.6
09/10/2008 19:30:00   -18.63   -18.46    26.23    225.3     28.7
09/10/2008 20:00:00   -18.72   -13.34    22.99    234.5     28.7
09/10/2008 20:30:00   -11.64   -13.07    17.50    221.7     28.7
09/10/2008 21:00:00   -14.92   -16.56    22.29    222.0     28.7
09/10/2008 21:30:00   -17.56   -18.22    25.30    223.9     28.7
09/10/2008 22:00:00   -20.35   -20.86    29.14    224.3     28.7
09/10/2008 22:30:00   -15.13   -20.20    25.24    216.8     28.7
09/10/2008 23:00:00   -14.73   -18.23    23.44    218.9     28.7
09/10/2008 23:30:00   -12.99   -14.59    19.53    221.7     28.7
09/11/2008 00:00:00   -15.27   -16.22    22.28    223.3     28.6
09/11/2008 00:30:00   -12.75   -15.21    19.85    220.0     28.6
09/11/2008 01:00:00   -20.66   -21.74    29.99    223.5     28.6
09/11/2008 01:30:00   -14.77   -17.58    22.96    220.0     28.6
09/11/2008 02:00:00   -17.85   -21.72    28.11    219.4     28.6
09/11/2008 02:30:00   -17.01   -20.76    26.84    219.3     28.6
09/11/2008 03:00:00   -18.78   -21.63    28.65    221.0     28.6
09/11/2008 03:30:00   -18.17   -18.21    25.72    224.9     28.6
09/11/2008 04:00:00   -17.89   -20.45    27.17    221.2     28.6
09/11/2008 04:30:00   -17.42   -21.10    27.36    219.5     28.6
09/11/2008 05:00:00   -18.62   -20.02    27.34    222.9     28.6
09/11/2008 05:30:00   -17.08   -20.05    26.34    220.4     28.6
09/11/2008 06:00:00   -16.66   -22.48    27.98    216.5     28.6
09/11/2008 06:30:00   -14.21   -18.68    23.47    217.3     28.6
09/11/2008 07:00:00   -13.76   -15.11    20.44    222.3     28.6
09/11/2008 07:30:00   -16.99   -16.84    23.92    225.3     28.6
09/11/2008 08:00:00   -14.27   -17.97    22.95    218.5     28.6
09/11/2008 08:30:00   -19.08   -23.05    29.92    219.6     28.6
09/11/2008 09:00:00   -21.73   -24.55    32.79    221.5     28.6
09/11/2008 09:30:00   -18.89   -18.70    26.58    225.3     28.6
09/11/2008 10:00:00   -17.61   -23.86    29.65    216.4     28.6
09/11/2008 10:30:00   -17.90   -25.50    31.16    215.1     28.6
09/11/2008 11:00:00   -18.28   -21.27    28.05    220.7     28.6
09/11/2008 11:30:00   -13.76   -20.18    24.42    214.3     28.6
09/11/2008 12:00:00   -17.63   -17.70    24.98    224.9     28.6
09/11/2008 12:30:00   -18.18   -20.80    27.63    221.2     28.6
09/11/2008 13:00:00   -21.29   -26.94    34.34    218.3     28.6
09/11/2008 13:30:00   -22.68   -29.37    37.11    217.7     28.6
09/11/2008 14:00:00   -23.15   -28.36    36.61    219.2     28.6
09/11/2008 14:30:00   -21.57   -20.03    29.44    227.1     28.7
09/11/2008 15:00:00   -21.10   -17.18    27.21    230.8     28.7
09/11/2008 15:30:00   -27.33   -34.27    43.83    218.6     28.7
09/11/2008 16:00:00   -23.39   -27.60    36.18    220.3     28.7
09/11/2008 16:30:00   -37.90   -36.47    52.60    226.1     28.8
09/11/2008 17:00:00   -32.07   -37.50    49.34    220.5     28.9
09/11/2008 17:30:00   -21.32   -32.93    39.23    212.9     28.9
09/11/2008 18:00:00   -24.94   -32.47    40.94    217.5     28.9
09/11/2008 18:30:00   -22.85   -22.02    31.73    226.1     28.9
09/11/2008 19:00:00   -25.62   -27.74    37.76    222.7     28.9
09/11/2008 19:30:00   -35.09   -32.34    47.72    227.3     29.0
09/11/2008 20:00:00   -36.17   -33.35    49.20    227.3     29.0
09/11/2008 20:30:00   -36.49   -35.42    50.85    225.9     28.9
09/11/2008 21:00:00   -27.47   -29.25    40.13    223.2     29.0
09/11/2008 21:30:00   -40.45   -34.56    53.20    229.5     29.1
09/11/2008 22:00:00   -34.92   -32.95    48.01    226.7     29.1
09/11/2008 22:30:00   -31.53   -32.17    45.04    224.4     29.1
09/11/2008 23:00:00   -21.30   -23.16    31.47    222.6     28.9
09/11/2008 23:30:00   -30.33   -26.50    40.28    228.9     28.9
09/12/2008 00:00:00   -33.19   -32.15    46.21    225.9     28.9
09/12/2008 00:30:00   -28.93   -35.35    45.68    219.3     28.9
09/12/2008 01:00:00   -27.55   -39.89    48.48    214.6     28.8
09/12/2008 01:30:00   -39.40   -39.46    55.76    225.0     28.8
09/12/2008 02:00:00   -34.04   -44.79    56.26    217.2     28.8
09/12/2008 02:30:00   -40.04   -46.84    61.62    220.5     28.8
09/12/2008 03:00:00   -38.89   -44.26    58.92    221.3     28.8
09/12/2008 03:30:00   -39.55   -46.13    60.76    220.6     28.8
09/12/2008 04:00:00   -42.97   -49.44    65.50    221.0     28.8
09/12/2008 04:30:00   -46.51   -53.53    70.91    221.0     28.8
09/12/2008 05:00:00   -46.51   -52.44    70.09    221.6     28.7
09/12/2008 05:30:00   -40.66   -54.04    67.63    217.0     28.7
09/12/2008 06:00:00   -45.41   -54.73    71.12    219.7     28.7
09/12/2008 06:30:00   -50.76   -54.81    74.70    222.8     28.7
09/12/2008 07:00:00   -42.97   -60.44    74.16    215.4     28.7
09/12/2008 07:30:00   -44.96   -62.78    77.22    215.6     28.7
09/12/2008 08:00:00   -47.35   -63.00    78.81    216.9     28.7
09/12/2008 08:30:00   -47.27   -63.89    79.48    216.5     28.7
09/12/2008 09:00:00   -50.49   -67.15    84.01    216.9     28.7
09/12/2008 09:30:00   -52.67   -68.20    86.17    217.7     28.8
09/12/2008 10:00:00   -52.01   -70.47    87.58    216.4     28.8
09/12/2008 10:30:00   -49.12   -69.84    85.38    215.1     28.8
09/12/2008 11:00:00   -49.53   -75.23    90.07    213.4     28.8
09/12/2008 11:30:00   -49.95   -65.72    82.55    217.2     28.8
09/12/2008 12:00:00   -51.97   -67.36    85.08    217.7     28.8
09/12/2008 12:30:00   -50.82   -72.34    88.41    215.1     28.7
09/12/2008 13:00:00   -53.64   -81.38    97.47    213.4     28.7
09/12/2008 13:30:00   -57.13   -69.18    89.72    219.6     28.6
09/12/2008 14:00:00   -56.34   -76.37    94.90    216.4     28.6
09/12/2008 14:30:00   -54.44   -75.71    93.25    215.7     28.6
09/12/2008 15:00:00   -64.17   -76.23    99.64    220.1     28.6
09/12/2008 15:30:00   -54.88   -81.92    98.60    213.8     28.6
09/12/2008 16:00:00   -61.89   -84.78   104.97    216.1     28.6
09/12/2008 16:30:00   -65.68   -83.21   106.01    218.3     28.6
09/12/2008 17:00:00   -66.97   -88.18   110.73    217.2     28.6
09/12/2008 17:30:00   -67.33   -89.99   112.39    216.8     28.6
09/12/2008 18:00:00   -63.07   -92.41   111.88    214.3     28.6
09/12/2008 18:30:00   -66.36   -92.60   113.92    215.6     28.6
09/12/2008 19:00:00   -65.63   -91.30   112.44    215.7     28.6
09/12/2008 19:30:00   -71.42   -96.00   119.65    216.6     28.7
09/12/2008 20:00:00   -78.29   -99.24   126.40    218.3     28.8
09/12/2008 20:30:00   -78.34   -97.63   125.17    218.7     28.8
09/12/2008 21:00:00   -70.92   -93.19   117.11    217.3     28.8
09/12/2008 21:30:00   -74.31   -94.13   119.93    218.3     28.9
09/12/2008 22:00:00   -70.46   -88.29   112.96    218.6     28.8
09/12/2008 22:30:00   -82.16   -98.41   128.20    219.9     28.9
09/12/2008 23:00:00   -74.54   -97.94   123.08    217.3     28.9
09/12/2008 23:30:00   -74.80   -95.92   121.64    217.9     28.9
09/13/2008 00:00:00   -76.26  -100.01   125.77    217.3     28.9
09/13/2008 00:30:00   -65.45   -89.27   110.69    216.2     28.9
09/13/2008 01:00:00   -68.31   -92.56   115.04    216.4     28.9
09/13/2008 01:30:00   -68.61   -86.24   110.20    218.5     28.9
09/13/2008 02:00:00   -68.06   -85.66   109.41    218.5     28.9
09/13/2008 02:30:00   -59.78   -75.58    96.36    218.3     28.9
09/13/2008 03:00:00   -54.61   -69.37    88.29    218.2     28.9
09/13/2008 03:30:00   -60.48   -67.95    90.97    221.7     28.8
09/13/2008 04:00:00   -58.40   -72.31    92.95    218.9     28.8
09/13/2008 04:30:00   -64.09   -79.29   101.95    218.9     28.8
09/13/2008 05:00:00   -57.41   -72.78    92.70    218.3     28.8
09/13/2008 05:30:00   -55.17   -70.13    89.23    218.2     28.8
09/13/2008 06:00:00   -53.39   -66.42    85.22    218.8     28.8
09/13/2008 06:30:00   -51.11   -60.04    78.85    220.4     28.8
09/13/2008 07:00:00   -47.61   -59.54    76.23    218.6     28.8
09/13/2008 07:30:00   -45.52   -54.81    71.25    219.7     28.8
09/13/2008 08:00:00   -41.45   -45.96    61.89    222.0     28.8
09/13/2008 08:30:00   -34.67   -41.49    54.07    219.9     28.8
09/13/2008 09:00:00   -40.66   -40.64    57.49    225.0     28.8
09/13/2008 09:30:00   -41.80   -35.95    55.13    229.3     28.7
09/13/2008 10:00:00   -37.97   -36.69    52.80    226.0     28.7
09/13/2008 10:30:00   -28.45   -35.33    45.36    218.8     28.7
09/13/2008 11:00:00   -27.69   -26.62    38.41    226.1     28.7
09/13/2008 11:30:00   -24.18   -18.93    30.71    231.9     28.7
09/13/2008 12:00:00   -15.22   -18.96    24.31    218.8     28.7
09/13/2008 12:30:00   -11.46   -15.03    18.90    217.3     28.7
09/13/2008 13:00:00    -9.42    -6.77    11.60    234.3     28.7
09/13/2008 13:30:00    -5.64    -2.59     6.21    245.3     28.7
09/13/2008 14:00:00    -4.68    -0.34     4.69    265.8     28.6
09/13/2008 14:30:00    -0.56     3.56     3.60    351.1     28.6
09/13/2008 15:00:00     4.42     7.23     8.47     31.4     28.6
09/13/2008 15:30:00     6.64    14.39    15.85     24.8     28.6
09/13/2008 16:00:00    12.74    14.80    19.53     40.7     28.7
09/13/2008 16:30:00    16.70    16.57    23.53     45.2     28.7
09/13/2008 17:00:00    20.20    23.68    31.13     40.5     28.7
09/13/2008 17:30:00    27.63    27.63    39.07     45.0     28.7
09/13/2008 18:00:00    23.51    30.79    38.74     37.4     28.7
09/13/2008 18:30:00    26.09    32.37    41.58     38.9     28.7
09/13/2008 19:00:00    29.76    32.26    43.89     42.7     28.7
09/13/2008 19:30:00    32.30    36.06    48.41     41.9     28.7
09/13/2008 20:00:00    38.81    38.23    54.48     45.4     28.7
09/13/2008 20:30:00    38.23    41.99    56.79     42.3     28.7
09/13/2008 21:00:00    41.12    44.45    60.55     42.8     28.7
09/13/2008 21:30:00    43.53    42.15    60.59     45.9     28.7
09/13/2008 22:00:00    44.34    46.82    64.48     43.4     28.7
09/13/2008 22:30:00    49.72    49.05    69.84     45.4     28.7
09/13/2008 23:00:00    49.99    52.20    72.28     43.8     28.8
09/13/2008 23:30:00    50.13    51.60    71.94     44.2     28.7
09/14/2008 00:00:00    47.13    51.68    69.94     42.4     28.7
09/14/2008 00:30:00    49.89    53.66    73.27     42.9     28.7
09/14/2008 01:00:00    49.54    51.95    71.78     43.6     28.7
09/14/2008 01:30:00    48.24    48.03    68.07     45.1     28.6
09/14/2008 02:00:00    50.15    51.58    71.94     44.2     28.6
09/14/2008 02:30:00    48.84    49.82    69.77     44.4     28.6
09/14/2008 03:00:00    45.48    50.84    68.21     41.8     28.6
09/14/2008 03:30:00    41.84    44.81    61.31     43.0     28.6
09/14/2008 04:00:00    47.31    50.15    68.94     43.3     28.6
09/14/2008 04:30:00    41.89    49.02    64.48     40.5     28.6
09/14/2008 05:00:00    51.83    50.07    72.06     46.0     28.6
09/14/2008 05:30:00    48.78    49.89    69.77     44.4     28.6
09/14/2008 06:00:00    43.18    48.12    64.65     41.9     28.6
09/14/2008 06:30:00    44.14    45.31    63.26     44.3     28.6
09/14/2008 07:00:00    40.45    41.08    57.65     44.6     28.7
09/14/2008 07:30:00    39.82    38.52    55.40     46.0     28.7
09/14/2008 08:00:00    36.72    38.85    53.46     43.4     28.6
09/14/2008 08:30:00    34.63    34.48    48.87     45.1     28.7
09/14/2008 09:00:00    31.91    31.09    44.55     45.7     28.7
09/14/2008 09:30:00    28.68    31.53    42.62     42.3     28.7
09/14/2008 10:00:00    19.90    19.71    28.01     45.3     28.7
09/14/2008 10:30:00    20.35    22.76    30.53     41.8     28.7
09/14/2008 11:00:00    15.60    12.26    19.84     51.8     28.7
09/14/2008 11:30:00    14.55    11.20    18.36     52.4     28.7
09/14/2008 12:00:00    11.04     9.89    14.82     48.1     28.7
09/14/2008 12:30:00     6.89     8.62    11.04     38.6     28.7
09/14/2008 13:00:00     7.86     1.32     7.97     80.5     28.7
09/14/2008 13:30:00     3.58    -0.14     3.58     92.2     28.7
09/14/2008 14:00:00    -0.30     1.29     1.32    346.9     28.7
09/14/2008 14:30:00    -0.14    -2.12     2.12    183.8     28.7
09/14/2008 15:00:00    -1.81    -7.31     7.53    193.9     28.7
09/14/2008 15:30:00    -2.35   -10.49    10.75    192.6     28.7
09/14/2008 16:00:00    -5.98   -16.42    17.48    200.0     28.7
09/14/2008 16:30:00    -7.36   -25.86    26.89    195.9     28.7
09/14/2008 17:00:00    -9.93   -23.79    25.78    202.7     28.7
09/14/2008 17:30:00   -11.69   -24.90    27.51    205.1     28.7
09/14/2008 18:00:00   -17.76   -30.41    35.22    210.3     28.7
09/14/2008 18:30:00   -27.44   -35.95    45.23    217.4     28.6
09/14/2008 19:00:00   -34.77   -38.60    51.95    222.0     28.6
09/14/2008 19:30:00   -33.63   -35.49    48.89    223.5     28.6
09/14/2008 20:00:00   -28.99   -37.79    47.63    217.5     28.6
09/14/2008 20:30:00   -31.13   -36.77    48.18    220.3     28.6
09/14/2008 21:00:00   -34.10   -38.00    51.06    221.9     28.6
09/14/2008 21:30:00   -32.79   -42.13    53.39    217.9     28.6
09/14/2008 22:00:00   -29.10   -36.62    46.77    218.5     28.6
09/14/2008 22:30:00   -24.23   -35.19    42.73    214.5     28.6
09/14/2008 23:00:00   -27.37   -39.89    48.38    214.5     28.6
09/14/2008 23:30:00   -29.44   -35.54    46.15    219.6     28.6
09/15/2008 00:00:00   -24.92   -33.11    41.44    217.0     28.6
09/15/2008 00:30:00   -24.42   -32.51    40.66    216.9     28.6
09/15/2008 01:00:00   -25.97   -35.40    43.90    216.3     28.6
09/15/2008 01:30:00   -21.80   -30.26    37.29    215.8     28.6
09/15/2008 02:30:00   -19.83   -29.55    35.59    213.9     28.6
09/15/2008 03:00:00   -19.41   -25.04    31.68    217.8     28.6
09/15/2008 03:30:00   -17.49   -25.34    30.79    214.6     28.6
09/15/2008 04:00:00   -18.56   -22.30    29.01    219.8     28.6
09/15/2008 04:30:00   -14.47   -22.89    27.08    212.3     28.6
09/15/2008 05:00:00   -12.84   -21.91    25.40    210.4     28.6
09/15/2008 05:30:00   -12.56   -18.94    22.73    213.6     28.6
09/15/2008 06:00:00   -15.44   -20.89    25.98    216.5     28.6
09/15/2008 06:30:00   -17.81   -19.69    26.55    222.1     28.5
09/15/2008 07:00:00   -20.51   -22.80    30.67    222.0     28.5
09/15/2008 07:30:00   -16.61   -24.33    29.46    214.3     28.5
09/15/2008 08:00:00   -19.55   -23.79    30.79    219.4     28.5
09/15/2008 08:30:00   -19.30   -27.11    33.28    215.4     28.5
09/15/2008 09:00:00   -19.39   -25.36    31.92    217.4     28.5
09/15/2008 09:30:00   -20.41   -27.40    34.17    216.7     28.4
09/15/2008 10:00:00   -27.08   -31.48    41.52    220.7     28.4
09/15/2008 10:30:00   -27.79   -29.11    40.25    223.7     28.4
09/15/2008 11:00:00   -24.53   -36.65    44.10    213.8     28.4
09/15/2008 11:30:00   -32.40   -35.80    48.28    222.1     28.4
09/15/2008 12:00:00   -27.69   -41.62    49.99    213.6     28.3
09/15/2008 12:30:00   -34.85   -43.02    55.36    219.0     28.3
09/15/2008 13:00:00   -35.68   -46.50    58.61    217.5     28.3
09/15/2008 13:30:00   -35.79   -42.68    55.70    220.0     28.3
09/15/2008 14:00:00   -41.23   -47.25    62.71    221.1     28.3
09/15/2008 14:30:00   -39.55   -43.28    58.63    222.4     28.2
09/15/2008 15:00:00   -43.35   -49.62    65.89    221.1     28.2
09/15/2008 15:30:00   -42.75   -48.90    64.95    221.2     28.2
09/15/2008 16:00:00   -44.97   -57.09    72.67    218.2     28.2
09/15/2008 16:30:00   -52.00   -56.89    77.07    222.4     28.2
09/15/2008 17:00:00   -46.82   -63.33    78.76    216.5     28.2
09/15/2008 17:30:00   -54.09   -54.30    76.64    224.9     28.3
09/15/2008 18:00:00   -48.32   -54.85    73.10    221.4     28.3
09/15/2008 18:30:00   -53.72   -62.39    82.33    220.7     28.3
09/15/2008 19:00:00   -51.99   -67.86    85.49    217.5     28.3
09/15/2008 19:30:00   -51.64   -54.54    75.11    223.4     28.3
09/15/2008 20:00:00   -51.62   -58.31    77.88    221.5     28.3
09/15/2008 20:30:00   -51.33   -66.43    83.95    217.7     28.2
09/15/2008 21:00:00   -53.07   -68.90    86.97    217.6     28.2
09/15/2008 21:30:00   -57.45   -60.65    83.54    223.4     28.2
09/15/2008 22:00:00   -47.50   -56.27    73.64    220.2     28.2
09/15/2008 22:30:00   -43.23   -54.29    69.40    218.5     28.2
09/15/2008 23:00:00   -49.74   -64.53    81.48    217.6     28.1
09/15/2008 23:30:00   -41.47   -58.43    71.65    215.4     28.1
09/16/2008 00:00:00   -42.25   -49.09    64.77    220.7     28.1
09/16/2008 00:30:00   -43.79   -53.35    69.02    219.4     28.0
09/16/2008 01:00:00   -51.87   -56.91    77.00    222.3     28.0
09/16/2008 01:30:00   -41.95   -54.66    68.90    217.5     28.0
09/16/2008 02:00:00   -44.27   -56.60    71.86    218.0     28.1
09/16/2008 02:30:00   -42.24   -52.64    67.49    218.7     28.0
09/16/2008 03:00:00   -37.87   -49.74    62.52    217.3     28.0
09/16/2008 03:30:00   -40.36   -38.93    56.08    226.0     28.0
09/16/2008 04:00:00   -32.23   -35.62    48.04    222.1     28.0
09/16/2008 04:30:00   -28.08   -35.17    45.00    218.6     28.0
09/16/2008 05:00:00   -36.53   -34.46    50.22    226.7     28.0
09/16/2008 05:30:00   -36.00   -33.23    48.99    227.3     27.9
09/16/2008 06:00:00   -30.45   -33.75    45.46    222.1     27.9
09/16/2008 06:30:00   -29.13   -29.16    41.22    225.0     27.9
09/16/2008 07:00:00   -22.27   -24.11    32.82    222.7     27.9
09/16/2008 07:30:00   -22.89   -24.45    33.49    223.1     27.9
09/16/2008 08:00:00   -25.07   -20.33    32.28    231.0     27.9
09/16/2008 08:30:00   -24.73   -17.20    30.12    235.2     27.9
09/16/2008 09:00:00   -15.98   -17.40    23.62    222.6     27.8
09/16/2008 09:30:00   -16.73   -19.05    25.35    221.3     27.8
09/16/2008 10:00:00   -36.66   -22.94    43.25    238.0     27.6
09/16/2008 10:30:00   -36.86   -19.91    41.89    241.6     27.3
09/16/2008 11:00:00   -35.68   -19.29    40.56    241.6     27.3
09/16/2008 11:30:00   -34.27   -15.45    37.59    245.7     27.2
09/16/2008 12:00:00   -31.04   -14.06    34.08    245.6     27.2
09/16/2008 12:30:00   -28.50   -15.77    32.57    241.0     27.2
09/16/2008 13:00:00   -27.03   -15.12    30.97    240.8     27.2
09/16/2008 13:30:00   -27.39   -13.06    30.34    244.5     27.2
09/16/2008 14:00:00   -27.27   -12.67    30.07    245.1     27.2
09/16/2008 14:30:00   -27.73   -11.93    30.19    246.7     27.2
09/16/2008 15:00:00   -26.67    -9.56    28.33    250.3     27.1
09/16/2008 15:30:00   -25.18   -13.29    28.47    242.2     27.2
09/16/2008 16:00:00   -27.18   -15.19    31.14    240.8     27.1
09/16/2008 16:30:00   -27.17   -11.96    29.69    246.2     27.1
09/16/2008 17:00:00   -27.29   -13.37    30.39    243.9     27.1
09/16/2008 17:30:00   -25.52   -15.44    29.83    238.8     27.1
09/16/2008 18:00:00   -29.35   -16.37    33.61    240.8     27.1
09/16/2008 18:30:00   -29.20   -18.96    34.82    237.0     27.1
09/16/2008 19:00:00   -28.42   -17.88    33.58    237.8     27.1
09/16/2008 19:30:00   -15.34   -30.03    33.72    207.1     27.3
09/16/2008 20:00:00   -17.86   -31.54    36.25    209.5     27.4
09/16/2008 20:30:00   -18.36   -35.49    39.96    207.4     27.4
09/16/2008 21:00:00   -37.02   -41.73    55.78    221.6     27.4
09/16/2008 21:30:00   -43.71   -37.40    57.53    229.4     27.2
09/16/2008 22:00:00   -37.38   -34.26    50.71    227.5     27.2
09/16/2008 22:30:00   -38.93   -33.04    51.06    229.7     27.2
09/16/2008 23:00:00   -37.48   -34.36    50.85    227.5     27.2
09/16/2008 23:30:00   -38.81   -37.41    53.90    226.1     27.2
09/17/2008 00:00:00   -42.45   -33.97    54.37    231.3     27.2
09/17/2008 00:30:00   -39.97   -38.59    55.56    226.0     27.2
09/17/2008 01:00:00   -43.52   -37.74    57.60    229.1     27.2
09/17/2008 01:30:00   -44.43   -38.11    58.54    229.4     27.1
09/17/2008 02:00:00   -46.41   -34.10    57.59    233.7     27.1
09/17/2008 02:30:00   -46.30   -35.75    58.50    232.3     27.1
09/17/2008 03:00:00   -46.64   -38.61    60.55    230.4     27.0
09/17/2008 03:30:00   -52.51   -36.74    64.09    235.0     27.0
09/17/2008 04:00:00   -50.94   -37.92    63.50    233.3     27.0
09/17/2008 04:30:00   -49.81   -35.84    61.36    234.3     26.9
09/17/2008 05:00:00   -50.88   -36.26    62.48    234.5     26.9
09/17/2008 05:30:00   -52.76   -35.90    63.82    235.8     26.9
09/17/2008 06:00:00   -53.88   -33.77    63.59    237.9     26.9
09/17/2008 06:30:00   -50.40   -34.19    60.90    235.8     26.9
09/17/2008 07:00:00   -50.36   -31.81    59.57    237.7     26.8
09/17/2008 07:30:00   -51.34   -30.84    59.89    239.0     26.8
09/17/2008 08:00:00   -48.34   -30.07    56.93    238.1     26.8
09/17/2008 08:30:00   -50.26   -28.13    57.60    240.8     26.8
09/17/2008 09:00:00   -46.57   -23.25    52.05    243.5     26.8
09/17/2008 09:30:00   -45.06   -25.07    51.56    240.9     26.8
09/17/2008 10:00:00   -42.63   -24.39    49.11    240.2     26.8
09/17/2008 10:30:00   -37.32   -28.64    47.04    232.5     26.7
09/17/2008 11:00:00   -40.63   -30.35    50.71    233.2     26.8
09/17/2008 11:30:00   -40.25   -31.81    51.30    231.7     26.7
09/17/2008 12:00:00   -42.14   -31.67    52.71    233.1     26.7
09/17/2008 12:30:00   -44.17   -31.05    53.99    234.9     26.7
09/17/2008 13:00:00   -39.23   -31.46    50.29    231.3     26.7
09/17/2008 13:30:00   -42.98   -26.69    50.59    238.2     26.7
09/17/2008 14:00:00   -41.37   -26.39    49.07    237.5     26.7
09/17/2008 14:30:00   -40.49   -24.41    47.28    238.9     26.7
09/17/2008 15:00:00   -37.67   -23.43    44.36    238.1     26.7
09/17/2008 15:30:00   -35.13   -22.84    41.90    237.0     26.7
09/17/2008 16:00:00   -37.10   -25.79    45.18    235.2     26.7
09/17/2008 16:30:00   -36.61   -26.40    45.14    234.2     26.7
09/17/2008 17:00:00   -36.44   -23.62    43.43    237.0     26.7
09/17/2008 17:30:00   -35.75   -25.88    44.13    234.1     26.8
09/17/2008 18:00:00   -35.30   -28.96    45.66    230.6     26.8
09/17/2008 18:30:00   -35.52   -27.58    44.97    232.2     26.8
09/17/2008 19:00:00   -26.08   -25.67    36.59    225.5     26.8
09/17/2008 19:30:00   -24.82   -24.12    34.61    225.8     26.8
09/17/2008 20:00:00   -23.86   -24.41    34.13    224.3     26.7
09/17/2008 20:30:00   -23.03   -24.68    33.76    223.0     26.8
09/17/2008 21:00:00   -24.37   -21.92    32.78    228.0     26.8
09/17/2008 21:30:00   -24.92   -24.86    35.20    225.1     26.8
09/17/2008 22:00:00   -26.96   -24.60    36.50    227.6     26.8
09/17/2008 22:30:00   -25.97   -21.75    33.87    230.1     26.8
09/17/2008 23:00:00   -23.64   -23.24    33.15    225.5     26.8
09/17/2008 23:30:00   -23.83   -22.61    32.85    226.5     26.8
09/18/2008 00:00:00   -21.46   -22.94    31.41    223.1     26.8
09/18/2008 00:30:00   -21.67   -20.51    29.84    226.6     26.8
09/18/2008 01:00:00   -21.10   -19.32    28.61    227.5     26.8
09/18/2008 01:30:00   -20.34   -18.41    27.43    227.9     26.8
09/18/2008 02:00:00   -18.95   -21.38    28.57    221.6     26.8
09/18/2008 02:30:00   -18.96   -20.36    27.82    223.0     26.8
09/18/2008 03:00:00   -20.45   -17.98    27.23    228.7     26.8
09/18/2008 03:30:00   -18.66   -19.53    27.01    223.7     26.8
09/18/2008 04:00:00   -19.83   -17.49    26.44    228.6     26.8
09/18/2008 04:30:00   -19.27   -21.54    28.90    221.8     26.8
09/18/2008 05:00:00   -19.47   -21.49    29.00    222.2     26.8
09/18/2008 05:30:00   -18.11   -19.92    26.92    222.3     26.8
09/18/2008 06:00:00   -19.93   -16.80    26.07    229.9     26.8
09/18/2008 06:30:00   -23.35   -17.88    29.41    232.6     26.7
09/18/2008 07:00:00   -22.70   -22.00    31.61    225.9     26.7
09/18/2008 07:30:00   -17.15   -21.77    27.71    218.2     26.7
09/18/2008 08:00:00   -15.34   -21.37    26.31    215.7     26.7
09/18/2008 08:30:00   -16.72   -22.99    28.43    216.0     26.7
09/18/2008 09:00:00   -16.23   -22.84    28.02    215.4     26.6
09/18/2008 09:30:00   -18.76   -21.66    28.65    220.9     26.6
09/18/2008 10:00:00   -19.97   -23.75    31.03    220.1     26.6
09/18/2008 10:30:00   -16.89   -23.54    28.97    215.7     26.6
09/18/2008 11:00:00   -17.98   -24.48    30.37    216.3     26.6
09/18/2008 11:30:00   -20.19   -21.80    29.71    222.8     26.6
09/18/2008 12:00:00   -18.75   -25.70    31.81    216.1     26.6
09/18/2008 12:30:00   -19.37   -25.65    32.14    217.1     26.5
09/18/2008 13:00:00   -16.85   -25.59    30.64    213.4     26.5
09/18/2008 13:30:00   -15.95   -26.51    30.94    211.0     26.5
09/18/2008 14:00:00   -19.87   -25.60    32.41    217.8     26.4
09/18/2008 14:30:00   -19.30   -22.96    29.99    220.1     26.4
09/18/2008 15:00:00   -20.40   -21.16    29.39    224.0     26.5
09/18/2008 15:30:00   -18.19   -26.77    32.37    214.2     26.5
09/18/2008 16:00:00   -17.40   -25.27    30.68    214.5     26.5
09/18/2008 16:30:00   -18.64   -18.12    26.00    225.8     26.5
09/18/2008 17:00:00   -20.27   -22.85    30.54    221.6     26.5
09/18/2008 17:30:00   -16.23   -19.33    25.24    220.0     26.5
09/18/2008 18:00:00   -20.32   -20.27    28.70    225.1     26.5
09/18/2008 18:30:00   -24.23   -20.05    31.45    230.4     26.6
09/18/2008 19:00:00   -23.05   -21.34    31.41    227.2     26.6
09/18/2008 19:30:00   -23.18   -21.90    31.89    226.6     26.6
09/18/2008 20:00:00   -24.84   -21.57    32.90    229.0     26.6
09/18/2008 20:30:00   -26.47   -21.57    34.15    230.8     26.6
09/18/2008 21:00:00   -29.01   -21.35    36.02    233.6     26.6
09/18/2008 21:30:00   -25.68   -19.58    32.29    232.7     26.6
09/18/2008 22:00:00   -23.90   -20.13    31.25    229.9     26.6
09/18/2008 22:30:00   -22.27   -17.15    28.11    232.4     26.5
09/18/2008 23:00:00   -24.43   -19.29    31.13    231.7     26.5
09/18/2008 23:30:00   -23.76   -17.90    29.75    233.0     26.5
09/19/2008 00:00:00   -23.29   -18.18    29.55    232.0     26.5
09/19/2008 00:30:00   -20.76   -17.43    27.11    230.0     26.5
09/19/2008 01:00:00   -22.74   -18.65    29.41    230.6     26.5
09/19/2008 01:30:00   -17.38   -20.70    27.03    220.0     26.5
09/19/2008 02:00:00   -16.72   -20.48    26.44    219.2     26.5
09/19/2008 02:30:00   -15.96   -18.00    24.06    221.6     26.5
09/19/2008 03:00:00   -17.96   -16.09    24.11    228.1     26.5
09/19/2008 03:30:00   -18.78   -18.49    26.35    225.4     26.5
09/19/2008 04:00:00   -13.05   -16.94    21.38    217.6     26.5
09/19/2008 04:30:00   -15.75   -20.51    25.86    217.5     26.5
09/19/2008 05:00:00   -18.15   -19.41    26.57    223.1     26.5
09/19/2008 05:30:00   -15.93   -19.46    25.15    219.3     26.6
09/19/2008 06:00:00   -17.30   -15.30    23.10    228.5     26.6
09/19/2008 06:30:00   -19.11   -15.44    24.57    231.1     26.6
09/19/2008 07:00:00   -17.94   -13.84    22.66    232.4     26.6
09/19/2008 07:30:00   -14.98   -14.44    20.81    226.1     26.6
09/19/2008 08:00:00   -13.71   -12.16    18.33    228.4     26.6
09/19/2008 08:30:00   -13.98   -17.12    22.10    219.2     26.6
09/19/2008 09:00:00   -14.67   -12.68    19.39    229.2     26.6
09/19/2008 09:30:00   -15.07   -16.69    22.49    222.1     26.5
09/19/2008 10:00:00   -16.48   -15.20    22.42    227.3     26.5
09/19/2008 10:30:00   -14.65   -16.74    22.25    221.2     26.5
09/19/2008 11:00:00   -12.48   -18.21    22.08    214.4     26.5
09/19/2008 11:30:00   -12.37   -17.56    21.48    215.2     26.5
09/19/2008 12:00:00   -13.45   -16.80    21.52    218.7     26.5
09/19/2008 12:30:00   -13.35   -17.79    22.24    216.9     26.5
09/19/2008 13:00:00   -14.68   -16.23    21.88    222.1     26.5
09/19/2008 13:30:00   -11.52   -17.03    20.56    214.1     26.5
09/19/2008 14:00:00   -15.90   -13.23    20.68    230.2     26.5
09/19/2008 14:30:00   -18.27   -15.81    24.16    229.1     26.5
09/19/2008 15:00:00   -14.88   -15.72    21.65    223.4     26.5
09/19/2008 15:30:00   -16.89   -16.44    23.57    225.8     26.5
09/19/2008 16:00:00   -19.33   -18.84    26.99    225.7     26.6
09/19/2008 16:30:00   -17.60   -18.39    25.45    223.7     26.6
09/19/2008 17:00:00   -21.25   -17.90    27.78    229.9     26.6
09/19/2008 17:30:00   -20.93   -19.84    28.84    226.5     26.6
09/19/2008 18:00:00   -26.84   -23.93    35.96    228.3     26.6
09/19/2008 18:30:00   -24.20   -20.73    31.86    229.4     26.6
09/19/2008 19:00:00   -24.96   -22.78    33.79    227.6     26.7
09/19/2008 19:30:00   -28.76   -21.48    35.90    233.2     26.8
09/19/2008 20:00:00   -29.80   -17.44    34.53    239.7     26.9
09/19/2008 20:30:00   -32.91   -20.22    38.63    238.4     26.9
09/19/2008 21:00:00   -34.24   -16.07    37.82    244.9     27.0
09/19/2008 21:30:00   -33.22   -13.66    35.92    247.6     27.0
09/19/2008 22:00:00   -33.06   -13.02    35.53    248.5     26.9
09/19/2008 22:30:00   -33.88   -12.25    36.03    250.1     27.0
09/19/2008 23:00:00   -32.34    -8.29    33.39    255.6     26.9
09/19/2008 23:30:00   -29.14   -10.60    31.01    250.0     26.9
09/20/2008 00:00:00   -26.87   -11.52    29.24    246.8     26.7
09/20/2008 00:30:00   -25.98   -11.36    28.36    246.4     26.7
09/20/2008 01:00:00   -21.59   -10.35    23.94    244.4     26.6
09/20/2008 01:30:00   -17.46   -13.05    21.80    233.2     26.6
09/20/2008 02:00:00   -16.65   -14.88    22.33    228.2     26.5
09/20/2008 02:30:00   -16.37   -17.59    24.03    222.9     26.5
09/20/2008 03:00:00   -14.21   -21.31    25.61    213.7     26.5
09/20/2008 03:30:00   -14.44   -18.18    23.22    218.5     26.5
09/20/2008 04:00:00   -17.29   -16.29    23.76    226.7     26.4
09/20/2008 04:30:00   -13.75   -14.96    20.32    222.6     26.4
09/20/2008 05:00:00   -13.07   -14.03    19.17    223.0     26.4
09/20/2008 05:30:00   -13.21   -15.78    20.58    219.9     26.4
09/20/2008 06:00:00   -13.51   -17.98    22.49    216.9     26.4
09/20/2008 06:30:00   -13.85   -16.79    21.77    219.5     26.3
09/20/2008 07:00:00   -10.75   -16.54    19.73    213.0     26.3
09/20/2008 07:30:00   -13.64   -14.61    19.99    223.0     26.3
09/20/2008 08:00:00   -11.76   -16.86    20.56    214.9     26.3
09/20/2008 08:30:00   -14.49   -18.83    23.76    217.6     26.3
09/20/2008 09:00:00    -9.66   -17.95    20.38    208.3     26.3
09/20/2008 09:30:00   -11.67   -14.30    18.46    219.2     26.3
09/20/2008 10:00:00   -10.49   -17.92    20.76    210.3     26.2
09/20/2008 10:30:00   -15.63   -19.62    25.08    218.5     26.2
09/20/2008 11:00:00   -15.12   -17.71    23.29    220.5     26.2
09/20/2008 11:30:00   -11.80   -15.62    19.58    217.1     26.2
09/20/2008 12:00:00   -14.52   -18.09    23.20    218.8     26.2
09/20/2008 12:30:00   -16.17   -18.35    24.46    221.4     26.2
09/20/2008 13:00:00   -15.20   -21.35    26.21    215.4     26.2
09/20/2008 13:30:00   -16.07   -20.21    25.82    218.5     26.2
09/20/2008 14:00:00   -14.62   -17.64    22.91    219.7     26.2
09/20/2008 14:30:00   -12.44   -24.78    27.73    206.7     26.2
09/20/2008 15:00:00   -16.63   -17.90    24.43    222.9     26.2
09/20/2008 15:30:00   -14.02   -22.85    26.81    211.5     26.2
09/20/2008 16:00:00   -14.15   -21.79    25.98    213.0     26.3
09/20/2008 16:30:00   -23.65   -26.98    35.88    221.2     26.3
09/20/2008 17:00:00   -18.02   -25.32    31.08    215.4     26.4
09/20/2008 17:30:00   -15.90   -24.70    29.38    212.8     26.4
09/20/2008 18:00:00   -20.82   -26.24    33.50    218.4     26.4
09/20/2008 18:30:00   -23.11   -24.78    33.88    223.0     26.4
09/20/2008 19:00:00   -23.65   -24.52    34.07    224.0     26.4
09/20/2008 19:30:00   -19.44   -21.91    29.29    221.6     26.4
09/20/2008 20:00:00   -27.62   -31.25    41.71    221.5     26.4
09/20/2008 20:30:00   -25.40   -26.56    36.75    223.7     26.4
09/20/2008 21:00:00   -20.92   -19.94    28.90    226.4     26.4
09/20/2008 21:30:00   -27.52   -21.51    34.93    232.0     26.6
09/20/2008 22:00:00   -21.96   -23.99    32.52    222.5     26.5
09/20/2008 22:30:00   -31.72   -31.53    44.72    225.2     26.6
09/20/2008 23:00:00   -28.11   -29.88    41.02    223.3     26.5
09/20/2008 23:30:00   -34.68   -31.64    46.94    227.6     26.5
09/21/2008 00:00:00   -27.95   -30.01    41.01    223.0     26.5
09/21/2008 00:30:00   -26.35   -27.60    38.16    223.7     26.5
09/21/2008 01:00:00   -26.81   -29.74    40.04    222.0     26.5
09/21/2008 01:30:00   -28.10   -30.14    41.21    223.0     26.5
09/21/2008 02:00:00   -22.88   -25.14    33.99    222.3     26.5
09/21/2008 02:30:00   -24.27   -28.56    37.48    220.4     26.4
09/21/2008 03:00:00   -29.40   -28.09    40.66    226.3     26.4
09/21/2008 03:30:00   -23.23   -26.55    35.28    221.2     26.4
09/21/2008 04:00:00   -24.21   -27.38    36.55    221.5     26.4
09/21/2008 04:30:00   -22.85   -25.20    34.02    222.2     26.4
09/21/2008 05:00:00   -25.12   -24.99    35.43    225.1     26.4
09/21/2008 05:30:00   -24.29   -23.45    33.76    226.0     26.4
09/21/2008 06:00:00   -21.87   -23.35    31.99    223.1     26.3
09/21/2008 06:30:00   -21.35   -23.86    32.02    221.8     26.3
09/21/2008 07:00:00   -21.31   -25.71    33.39    219.7     26.3
09/21/2008 07:30:00   -20.31   -22.01    29.95    222.7     26.3
09/21/2008 08:00:00   -15.85   -21.08    26.37    216.9     26.3
09/21/2008 08:30:00   -17.79   -21.14    27.63    220.1     26.3
09/21/2008 09:00:00   -21.04   -21.42    30.02    224.5     26.3
09/21/2008 09:30:00   -19.19   -25.83    32.18    216.6     26.3
09/21/2008 10:00:00   -19.54   -25.36    32.01    217.6     26.2
09/21/2008 10:30:00   -21.57   -24.67    32.77    221.2     26.3
09/21/2008 11:00:00   -19.80   -25.93    32.63    217.4     26.3
09/21/2008 11:30:00   -16.60   -23.78    29.00    214.9     26.3
09/21/2008 12:00:00   -17.64   -28.17    33.24    212.1     26.2
09/21/2008 12:30:00   -13.97   -23.02    26.93    211.3     26.2
09/21/2008 13:00:00   -16.99   -26.98    31.88    212.2     26.2
09/21/2008 13:30:00   -18.11   -29.81    34.88    211.3     26.2
09/21/2008 14:00:00   -18.35   -31.20    36.20    210.5     26.2
09/21/2008 14:30:00   -23.69   -28.74    37.25    219.5     26.2
09/21/2008 15:00:00   -21.83   -29.76    36.91    216.3     26.2
09/21/2008 15:30:00   -22.68   -30.94    38.36    216.2     26.2
09/21/2008 16:00:00   -26.59   -35.15    44.07    217.1     26.3
09/21/2008 16:30:00   -28.92   -33.39    44.17    220.9     26.3
09/21/2008 17:00:00   -31.05   -33.56    45.72    222.8     26.3
09/21/2008 17:30:00   -30.26   -34.13    45.61    221.6     26.4
09/21/2008 18:00:00   -26.00   -32.73    41.80    218.5     26.4
09/21/2008 18:30:00   -23.37   -30.50    38.42    217.5     26.4
09/21/2008 19:00:00   -24.26   -27.42    36.61    221.5     26.5
09/21/2008 19:30:00   -33.56   -29.80    44.88    228.4     26.5
09/21/2008 20:00:00   -40.33   -28.59    49.44    234.7     26.5
09/21/2008 20:30:00   -32.21   -24.30    40.35    233.0     26.4
09/21/2008 21:00:00   -43.01   -20.93    47.83    244.1     26.5
09/21/2008 21:30:00   -45.29   -23.68    51.11    242.4     26.5
09/21/2008 22:00:00   -37.71   -20.24    42.80    241.8     26.5
09/21/2008 22:30:00   -40.78   -17.80    44.50    246.4     26.5
09/21/2008 23:00:00   -42.38   -20.82    47.22    243.8     26.4
09/21/2008 23:30:00   -38.68   -20.99    44.01    241.5     26.4
09/22/2008 00:00:00   -37.29   -26.47    45.73    234.6     26.4
09/22/2008 00:30:00   -35.46   -24.52    43.11    235.3     26.4
09/22/2008 01:00:00   -34.45   -26.46    43.44    232.5     26.4
09/22/2008 01:30:00   -30.39   -28.64    41.76    226.7     26.4
09/22/2008 02:00:00   -29.85   -28.54    41.30    226.3     26.4
09/22/2008 02:30:00   -33.04   -26.84    42.57    230.9     26.4
09/22/2008 03:00:00   -35.26   -27.95    44.99    231.6     26.4
09/22/2008 03:30:00   -33.52   -31.30    45.86    227.0     26.3
09/22/2008 04:00:00   -31.67   -29.83    43.51    226.7     26.3
09/22/2008 04:30:00   -35.70   -28.79    45.86    231.1     26.3
09/22/2008 05:00:00   -36.32   -28.50    46.17    231.9     26.3
09/22/2008 05:30:00   -28.40   -26.71    38.99    226.8     26.3
09/22/2008 06:00:00   -24.31   -28.10    37.16    220.9     26.3
09/22/2008 06:30:00   -24.48   -30.66    39.23    218.6     26.3
09/22/2008 07:00:00   -19.21   -33.55    38.66    209.8     26.3
09/22/2008 07:30:00   -21.89   -33.97    40.41    212.8     26.2
09/22/2008 08:00:00   -19.93   -33.40    38.89    210.8     26.2
09/22/2008 08:30:00   -21.96   -37.56    43.51    210.3     26.2
09/22/2008 09:00:00   -22.78   -36.91    43.37    211.7     26.3
09/22/2008 09:30:00   -27.26   -31.67    41.79    220.7     26.3
09/22/2008 10:00:00   -21.06   -30.10    36.74    215.0     26.3
09/22/2008 10:30:00   -23.61   -27.83    36.50    220.3     26.3
09/22/2008 11:00:00   -26.20   -21.42    33.84    230.7     26.3
09/22/2008 11:30:00   -29.00   -16.74    33.48    240.0     26.2
09/22/2008 12:00:00   -27.35   -17.15    32.28    237.9     26.2
09/22/2008 12:30:00   -22.81   -22.99    32.39    224.8     26.3
09/22/2008 13:00:00   -24.70   -24.36    34.69    225.4     26.3
09/22/2008 13:30:00   -23.97   -22.35    32.77    227.0     26.2
09/22/2008 14:00:00   -24.95   -24.93    35.27    225.0     26.2
09/22/2008 14:30:00   -27.55   -25.86    37.79    226.8     26.2
09/22/2008 15:00:00   -25.41   -20.84    32.86    230.6     26.2
09/22/2008 15:30:00   -26.92   -21.86    34.68    230.9     26.2
09/22/2008 16:00:00   -27.53   -22.49    35.55    230.8     26.2
09/22/2008 16:30:00   -18.51   -26.37    32.22    215.1     26.2
09/22/2008 17:00:00   -24.24   -28.69    37.56    220.2     26.3
09/22/2008 17:30:00   -28.01   -28.45    39.92    224.6     26.4
09/22/2008 18:00:00   -25.91   -32.37    41.46    218.7     26.4
09/22/2008 18:30:00   -31.79   -34.49    46.91    222.7     26.5
09/22/2008 19:00:00   -30.65   -33.73    45.58    222.3     26.5
09/22/2008 19:30:00   -30.18   -35.22    46.38    220.6     26.5
09/22/2008 20:00:00   -20.96   -34.98    40.78    210.9     26.4
09/22/2008 20:30:00   -29.69   -38.44    48.57    217.7     26.5
09/22/2008 21:00:00   -32.86   -40.01    51.77    219.4     26.5
09/22/2008 21:30:00   -41.50   -33.29    53.20    231.3     26.5
09/22/2008 22:00:00   -35.15   -34.94    49.56    225.2     26.5
09/22/2008 22:30:00   -31.64   -38.15    49.56    219.7     26.4
09/22/2008 23:00:00   -29.16   -39.89    49.41    216.2     26.4
09/22/2008 23:30:00   -27.40   -40.45    48.86    214.1     26.4
09/23/2008 00:00:00   -33.88   -39.80    52.27    220.4     26.3
09/23/2008 00:30:00   -30.57   -41.63    51.65    216.3     26.3
09/23/2008 01:00:00   -28.13   -42.54    51.00    213.5     26.2
09/23/2008 01:30:00   -22.50   -47.80    52.83    205.2     26.4
09/23/2008 02:00:00   -34.21   -35.97    49.64    223.6     26.4
09/23/2008 02:30:00   -42.29   -37.65    56.62    228.3     26.4
09/23/2008 03:00:00   -45.09   -34.53    56.79    232.6     26.4
09/23/2008 03:30:00   -39.17   -31.66    50.37    231.1     26.4
09/23/2008 04:00:00   -43.15   -34.65    55.34    231.2     26.4
09/23/2008 04:30:00   -52.30   -32.16    61.40    238.4     26.4
09/23/2008 05:00:00   -59.13   -32.47    67.46    241.2     26.4
09/23/2008 05:30:00   -60.70   -32.18    68.70    242.1     26.2
09/23/2008 06:00:00   -50.72   -32.92    60.47    237.0     26.1
09/23/2008 06:30:00   -45.21   -31.99    55.38    234.7     26.1
09/23/2008 07:00:00   -37.46   -33.48    50.24    228.2     26.1
09/23/2008 07:30:00   -29.30   -31.26    42.84    223.1     26.2
09/23/2008 08:00:00   -27.50   -29.06    40.01    223.4     26.2
09/23/2008 08:30:00   -26.78   -27.79    38.59    223.9     26.3
09/23/2008 09:00:00   -22.86   -33.59    40.63    214.2     26.3
09/23/2008 09:30:00   -20.42   -31.50    37.54    213.0     26.3
09/23/2008 10:00:00   -19.90   -30.64    36.54    213.0     26.2
09/23/2008 10:30:00   -21.17   -34.82    40.75    211.3     26.2
09/23/2008 11:00:00   -22.00   -36.05    42.23    211.4     26.2
09/23/2008 11:30:00   -22.94   -33.10    40.27    214.7     26.2
09/23/2008 12:00:00   -21.05   -35.67    41.42    210.5     26.3
09/23/2008 12:30:00   -22.89   -31.64    39.05    215.9     26.2
09/23/2008 13:00:00   -31.53   -35.44    47.44    221.7     26.2
09/23/2008 13:30:00   -24.97   -31.33    40.06    218.6     26.2
09/23/2008 14:00:00   -25.87   -32.32    41.40    218.7     26.2
09/23/2008 14:30:00   -21.22   -32.38    38.71    213.2     26.2
09/23/2008 15:00:00   -28.39   -33.73    44.09    220.1     26.2
09/23/2008 15:30:00   -29.84   -33.83    45.11    221.4     26.2
09/23/2008 16:00:00   -26.37   -30.65    40.43    220.7     26.2
09/23/2008 16:30:00   -27.76   -28.62    39.87    224.1     26.1
09/23/2008 17:00:00   -27.57   -31.88    42.15    220.9     26.1
09/23/2008 17:30:00   -23.15   -35.72    42.57    212.9     26.1
09/23/2008 18:00:00   -23.75   -36.29    43.37    213.2     26.1
09/23/2008 18:30:00   -26.25   -36.09    44.63    216.0     26.1
09/23/2008 19:00:00   -27.12   -42.93    50.78    212.3     26.1
09/23/2008 19:30:00   -31.24   -35.36    47.18    221.5     26.2
09/23/2008 20:00:00   -38.52   -25.01    45.93    237.0     26.3
09/23/2008 20:30:00   -34.65   -27.97    44.53    231.1     26.3
09/23/2008 21:00:00   -32.91   -31.15    45.31    226.6     26.3
09/23/2008 21:30:00   -32.61   -34.81    47.70    223.1     26.3
09/23/2008 22:00:00   -39.41   -35.18    52.83    228.2     26.3
09/23/2008 22:30:00   -43.09   -37.60    57.19    228.9     26.3
09/23/2008 23:00:00   -51.47   -36.69    63.21    234.5     26.2
09/23/2008 23:30:00   -55.80   -33.45    65.06    239.1     26.1
09/24/2008 00:00:00   -55.20   -35.30    65.52    237.4     26.1
09/24/2008 00:30:00   -49.32   -40.28    63.68    230.8     26.1
09/24/2008 01:00:00   -42.35   -45.32    62.03    223.1     26.2
09/24/2008 01:30:00   -46.05   -40.43    61.28    228.7     26.2
09/24/2008 02:00:00   -33.05   -38.75    50.93    220.5     26.2
09/24/2008 02:30:00   -42.04   -28.62    50.86    235.8     26.2
09/24/2008 03:00:00   -37.76   -22.61    44.01    239.1     26.2
09/24/2008 03:30:00   -39.46   -29.73    49.41    233.0     26.2
09/24/2008 04:00:00   -41.57   -28.77    50.55    235.3     26.2
09/24/2008 04:30:00   -42.63   -22.63    48.26    242.0     26.2
09/24/2008 05:00:00   -34.62   -22.98    41.55    236.4     26.2
09/24/2008 05:30:00   -30.78   -16.96    35.14    241.1     26.2
09/24/2008 06:00:00   -29.85   -21.16    36.59    234.7     26.2
09/24/2008 06:30:00   -35.16   -25.84    43.63    233.7     26.2
09/24/2008 07:00:00   -32.59   -30.00    44.30    227.4     26.2
09/24/2008 07:30:00   -27.93   -29.35    40.52    223.6     26.2
09/24/2008 08:00:00   -21.95   -29.13    36.47    217.0     26.2
09/24/2008 08:30:00   -23.70   -35.34    42.55    213.8     26.1
09/24/2008 09:00:00   -25.37   -33.31    41.87    217.3     26.1
09/24/2008 09:30:00   -23.60   -35.67    42.77    213.5     26.1
09/24/2008 10:00:00   -16.96   -34.55    38.49    206.1     26.1
09/24/2008 10:30:00   -17.51   -32.20    36.65    208.5     26.1
09/24/2008 11:00:00   -15.15   -31.08    34.58    206.0     26.1
09/24/2008 11:30:00   -17.08   -34.23    38.25    206.5     26.1
09/24/2008 12:00:00   -22.36   -33.59    40.35    213.7     26.1
09/24/2008 12:30:00   -24.13   -34.89    42.42    214.7     26.1
09/24/2008 13:00:00   -21.42   -32.81    39.18    213.1     26.1
09/24/2008 13:30:00   -22.50   -29.88    37.40    217.0     26.1
09/24/2008 14:00:00   -21.13   -29.91    36.62    215.2     26.0
09/24/2008 14:30:00   -26.82   -29.04    39.53    222.7     26.0
09/24/2008 15:00:00   -24.24   -28.95    37.76    219.9     26.1
09/24/2008 15:30:00   -27.31   -29.24    40.01    223.0     26.1
09/24/2008 16:00:00   -25.22   -31.52    40.37    218.7     26.1
09/24/2008 16:30:00   -30.43   -35.99    47.13    220.2     26.1
09/24/2008 17:00:00   -26.65   -31.44    41.22    220.3     26.1
09/24/2008 17:30:00   -27.17   -33.50    43.13    219.0     26.1
09/24/2008 18:00:00   -26.38   -30.71    40.48    220.7     26.1
09/24/2008 18:30:00   -30.59   -34.68    46.24    221.4     26.2
09/24/2008 19:00:00   -36.73   -36.78    51.98    225.0     26.2
09/24/2008 19:30:00   -37.51   -37.52    53.05    225.0     26.2
09/24/2008 20:00:00   -34.31   -41.96    54.20    219.3     26.2
09/24/2008 20:30:00   -32.60   -39.83    51.47    219.3     26.2
09/24/2008 21:00:00   -34.69   -43.61    55.72    218.5     26.2
09/24/2008 21:30:00   -34.58   -40.80    53.48    220.3     26.2
09/24/2008 22:00:00   -39.41   -42.18    57.73    223.1     26.2
09/24/2008 22:30:00   -35.95   -37.73    52.11    223.6     26.2
09/24/2008 23:00:00   -28.54   -43.05    51.65    213.5     26.2
09/24/2008 23:30:00   -30.85   -44.09    53.81    215.0     26.2
09/25/2008 00:00:00   -34.65   -38.04    51.46    222.3     26.2
09/25/2008 00:30:00   -43.43   -27.76    51.54    237.4     26.2
09/25/2008 01:00:00   -43.78   -24.94    50.39    240.3     26.2
09/25/2008 01:30:00   -59.81   -33.95    68.77    240.4     26.2
09/25/2008 02:00:00   -57.40   -46.03    73.58    231.3     26.2
09/25/2008 02:30:00   -58.46   -44.44    73.43    232.8     26.2
09/25/2008 03:00:00   -55.35   -44.97    71.32    230.9     26.2
09/25/2008 03:30:00   -51.52   -49.95    71.76    225.9     26.1
09/25/2008 04:00:00   -44.96   -47.45    65.37    223.5     26.1
09/25/2008 04:30:00   -41.96   -45.92    62.20    222.4     26.1
09/25/2008 05:00:00   -34.14   -43.49    55.29    218.1     26.1
09/25/2008 05:30:00   -28.14   -38.71    47.86    216.0     26.1
09/25/2008 06:00:00   -31.71   -45.68    55.61    214.8     26.1
09/25/2008 06:30:00   -24.08   -45.05    51.08    208.1     26.1
09/25/2008 07:00:00   -32.88   -41.19    52.70    218.6     26.1
09/25/2008 07:30:00   -31.71   -43.04    53.46    216.4     26.1
09/25/2008 08:00:00   -32.26   -50.85    60.22    212.4     26.1
09/25/2008 08:30:00   -34.88   -53.87    64.18    212.9     26.0
09/25/2008 09:00:00   -45.73   -48.10    66.37    223.6     26.1
09/25/2008 09:30:00   -56.54   -46.54    73.23    230.5     26.1
09/25/2008 10:00:00   -52.04   -36.57    63.60    234.9     26.1
09/25/2008 10:30:00   -48.00   -39.27    62.02    230.7     26.1
09/25/2008 11:00:00   -55.63   -37.20    66.92    236.2     26.1
09/25/2008 11:30:00   -54.35   -40.12    67.55    233.6     26.1
09/25/2008 12:00:00   -52.43   -43.41    68.07    230.4     26.1
09/25/2008 12:30:00   -52.10   -43.56    67.91    230.1     26.1
09/25/2008 13:00:00   -47.13   -42.52    63.48    227.9     26.1
09/25/2008 13:30:00   -37.28   -46.28    59.43    218.9     26.1
09/25/2008 14:00:00   -34.75   -40.43    53.31    220.7     26.1
09/25/2008 14:30:00   -33.16   -45.54    56.33    216.1     26.1
09/25/2008 15:00:00   -32.91   -41.55    53.00    218.4     26.1
09/25/2008 15:30:00   -30.81   -40.22    50.66    217.5     26.1
09/25/2008 16:00:00   -27.85   -41.93    50.34    213.6     26.1
09/25/2008 16:30:00   -30.01   -41.70    51.38    215.7     26.1
09/25/2008 17:00:00   -35.01   -39.61    52.86    221.5     26.2
09/25/2008 17:30:00   -36.35   -39.67    53.81    222.5     26.2
09/25/2008 18:00:00   -38.53   -39.09    54.89    224.6     26.2
09/25/2008 18:30:00   -40.07   -40.21    56.77    224.9     26.2
09/25/2008 19:00:00   -38.06   -40.52    55.59    223.2     26.2
09/25/2008 19:30:00   -34.29   -41.73    54.01    219.4     26.2
09/25/2008 20:00:00   -38.96   -36.34    53.28    227.0     26.2
09/25/2008 20:30:00   -42.07   -37.77    56.54    228.1     26.3
09/25/2008 21:00:00   -37.56   -37.89    53.35    224.7     26.2
09/25/2008 21:30:00   -42.23   -40.49    58.50    226.2     26.3
09/25/2008 22:00:00   -44.13   -42.48    61.25    226.1     26.3
09/25/2008 22:30:00   -50.43   -50.92    71.67    224.7     26.3
09/25/2008 23:00:00   -48.92   -47.80    68.40    225.7     26.2
09/25/2008 23:30:00   -43.79   -44.12    62.16    224.8     26.2
09/26/2008 00:00:00   -42.55   -50.60    66.11    220.1     26.2
09/26/2008 00:30:00   -45.05   -56.28    72.09    218.7     26.1
09/26/2008 01:00:00   -52.44   -59.40    79.24    221.4     26.1
09/26/2008 01:30:00   -46.01   -59.09    74.89    217.9     26.1
09/26/2008 02:00:00   -49.10   -63.82    80.52    217.6     26.1
09/26/2008 02:30:00   -55.87   -69.28    89.00    218.9     26.1
09/26/2008 03:00:00   -49.78   -66.79    83.30    216.7     26.1
09/26/2008 03:30:00   -56.97   -69.67    90.00    219.3     26.0
09/26/2008 04:00:00   -47.03   -58.66    75.19    218.7     26.0
09/26/2008 04:30:00   -50.38   -58.67    77.33    220.7     26.0
09/26/2008 05:00:00   -40.21   -61.28    73.29    213.3     26.0
09/26/2008 05:30:00   -37.90   -53.88    65.87    215.1     26.0
09/26/2008 06:00:00   -43.26   -61.20    74.95    215.3     25.9
09/26/2008 06:30:00   -37.67   -59.58    70.49    212.3     25.9
09/26/2008 07:00:00   -35.69   -59.68    69.54    210.9     25.9
09/26/2008 07:30:00   -31.19   -53.70    62.10    210.1     25.9
09/26/2008 08:00:00   -31.42   -50.13    59.16    212.1     26.0
09/26/2008 08:30:00   -36.50   -52.96    64.32    214.6     25.9
09/26/2008 09:00:00   -47.07   -49.97    68.65    223.3     25.9
09/26/2008 09:30:00   -37.69   -52.83    64.90    215.5     25.9
09/26/2008 10:00:00   -33.90   -54.29    64.00    212.0     25.9
09/26/2008 10:30:00   -32.73   -52.48    61.85    212.0     25.9
09/26/2008 11:00:00   -30.97   -52.66    61.09    210.5     25.9
09/26/2008 11:30:00   -29.11   -49.41    57.35    210.5     25.9
09/26/2008 12:00:00   -26.92   -48.19    55.20    209.2     25.9
09/26/2008 12:30:00   -21.31   -47.95    52.47    204.0     25.9
09/26/2008 13:00:00   -18.18   -45.14    48.66    201.9     25.9
09/26/2008 13:30:00   -17.62   -46.92    50.12    200.6     25.8
09/26/2008 14:00:00   -14.24   -46.21    48.35    197.1     25.8
09/26/2008 14:30:00   -13.17   -41.63    43.66    197.6     25.8
09/26/2008 15:00:00   -14.28   -44.92    47.14    197.6     25.8
09/26/2008 15:30:00   -13.50   -40.91    43.08    198.3     25.9
09/26/2008 16:00:00   -12.51   -40.30    42.20    197.2     25.9
09/26/2008 16:30:00   -17.37   -39.00    42.69    204.0     25.9
09/26/2008 17:00:00   -16.63   -40.41    43.70    202.4     25.9
09/26/2008 17:30:00   -16.78   -40.79    44.11    202.4     26.0
09/26/2008 18:00:00   -15.36   -38.70    41.64    201.6     26.0
09/26/2008 18:30:00   -14.79   -38.42    41.17    201.1     26.1
09/26/2008 19:00:00   -13.75   -35.88    38.42    201.0     26.2
09/26/2008 19:30:00   -12.91   -34.15    36.51    200.7     26.1
09/26/2008 20:00:00   -12.26   -31.15    33.48    201.5     26.1
09/26/2008 20:30:00   -15.06   -33.64    36.86    204.1     26.2
09/26/2008 21:00:00   -17.29   -36.66    40.53    205.3     26.3
09/26/2008 21:30:00   -18.39   -36.37    40.75    206.8     26.3
09/26/2008 22:00:00   -19.70   -36.50    41.48    208.4     26.4
09/26/2008 22:30:00   -23.99   -36.47    43.65    213.3     26.5
09/26/2008 23:00:00   -26.69   -34.45    43.58    217.8     26.6
09/26/2008 23:30:00   -26.74   -34.35    43.53    217.9     26.5
09/27/2008 00:00:00   -25.29   -29.82    39.10    220.3     27.2
09/27/2008 00:30:00   -22.94   -25.28    34.14    222.2     26.8
09/27/2008 01:00:00   -22.14   -26.28    34.36    220.1     26.5
09/27/2008 01:30:00   -24.96   -22.48    33.59    228.0     26.3
09/27/2008 02:00:00   -24.18   -19.81    31.26    230.7     26.3
09/27/2008 02:30:00   -21.71   -22.52    31.28    224.0     26.2
09/27/2008 03:00:00   -22.97   -21.98    31.79    226.3     26.1
09/27/2008 03:30:00   -21.26   -23.91    31.99    221.6     26.1
09/27/2008 04:00:00   -24.17   -24.17    34.18    225.0     26.1
09/27/2008 04:30:00   -28.42   -25.22    38.00    228.4     26.2
09/27/2008 05:00:00   -14.67   -23.68    27.86    211.8     26.1
09/27/2008 05:30:00   -18.78   -27.22    33.07    214.6     26.2
09/27/2008 06:00:00   -13.57   -26.70    29.95    206.9     26.2
09/27/2008 06:30:00   -12.37   -25.75    28.57    205.7     26.1
09/27/2008 07:00:00   -10.26   -25.94    27.90    201.6     26.1
09/27/2008 07:30:00    -9.64   -30.38    31.87    197.6     26.1
09/27/2008 08:00:00   -14.95   -38.79    41.57    201.1     26.2
09/27/2008 08:30:00    -9.23   -33.88    35.11    195.2     26.2
09/27/2008 09:00:00   -17.43   -34.60    38.74    206.7     26.4
09/27/2008 09:30:00   -16.20   -36.50    39.93    203.9     26.2
09/27/2008 10:00:00   -15.67   -35.92    39.19    203.6     26.2
09/27/2008 10:30:00   -11.74   -34.77    36.70    198.7     26.2
09/27/2008 11:00:00   -11.65   -37.99    39.74    197.0     26.2
09/27/2008 11:30:00   -11.58   -36.30    38.10    197.7     26.2
09/27/2008 12:00:00   -12.20   -36.61    38.59    198.4     26.2
09/27/2008 12:30:00   -11.41   -35.04    36.85    198.0     26.1
09/27/2008 13:00:00   -12.34   -35.46    37.55    199.2     26.1
09/27/2008 13:30:00   -13.70   -36.21    38.72    200.7     26.1
09/27/2008 14:00:00   -14.36   -34.25    37.14    202.7     26.1
09/27/2008 14:30:00   -14.53   -36.28    39.08    201.8     26.1
09/27/2008 15:00:00   -16.29   -36.22    39.71    204.2     26.1
09/27/2008 15:30:00   -16.24   -34.31    37.96    205.3     26.2
09/27/2008 16:00:00   -16.32   -36.37    39.86    204.2     26.2
09/27/2008 16:30:00   -17.61   -32.86    37.28    208.2     26.1
09/27/2008 17:00:00   -15.58   -31.40    35.05    206.4     26.4
09/27/2008 17:30:00   -14.80   -31.59    34.89    205.1     26.3
09/27/2008 18:00:00   -17.44   -31.52    36.02    209.0     26.2
09/27/2008 18:30:00   -15.53   -32.10    35.66    205.8     26.3
09/27/2008 19:00:00   -16.21   -33.21    36.95    206.0     26.4
09/27/2008 19:30:00   -15.42   -34.01    37.34    204.4     26.5
09/27/2008 20:00:00   -18.23   -32.54    37.30    209.3     26.5
09/27/2008 20:30:00   -20.74   -30.11    36.56    214.6     26.6
09/27/2008 21:00:00   -22.82   -29.67    37.43    217.6     26.8
09/27/2008 21:30:00   -25.03   -29.32    38.55    220.5     26.9
09/27/2008 22:00:00   -23.74   -31.39    39.36    217.1     26.9
09/27/2008 22:30:00   -23.54   -29.67    37.87    218.4     26.9
09/27/2008 23:00:00   -26.40   -28.93    39.17    222.4     26.8
09/27/2008 23:30:00   -14.87   -32.01    35.30    204.9     26.5
09/28/2008 00:00:00   -13.59   -31.86    34.64    203.1     26.4
09/28/2008 00:30:00   -14.95   -30.05    33.56    206.5     26.4
09/28/2008 01:00:00   -13.27   -28.22    31.18    205.2     26.4
09/28/2008 01:30:00   -11.64   -30.67    32.80    200.8     26.3
09/28/2008 02:00:00   -11.65   -25.21    27.77    204.8     26.3
09/28/2008 02:30:00    -9.71   -27.54    29.20    199.4     26.3
09/28/2008 03:00:00    -9.41   -23.98    25.76    201.4     26.3
09/28/2008 03:30:00    -8.63   -26.69    28.05    197.9     26.2
09/28/2008 04:00:00    -5.76   -25.77    26.41    192.6     26.1
09/28/2008 04:30:00    -7.06   -23.80    24.83    196.5     26.1
09/28/2008 05:00:00    -6.91   -25.86    26.77    195.0     26.1
09/28/2008 05:30:00    -6.17   -25.46    26.20    193.6     26.0
09/28/2008 06:00:00    -5.28   -24.09    24.66    192.4     26.0
09/28/2008 06:30:00    -4.33   -23.98    24.37    190.2     26.0
09/28/2008 07:00:00    -3.86   -24.86    25.16    188.8     26.0
09/28/2008 07:30:00    -6.40   -24.01    24.85    194.9     25.9
09/28/2008 08:00:00    -4.32   -25.29    25.66    189.7     26.1
09/28/2008 08:30:00    -5.00   -27.91    28.35    190.2     26.2
09/28/2008 09:00:00    -4.92   -29.09    29.50    189.6     26.2
09/28/2008 09:30:00    -4.70   -27.59    27.99    189.7     26.2
09/28/2008 10:00:00    -5.91   -24.39    25.10    193.6     25.9
09/28/2008 10:30:00    -5.48   -24.75    25.35    192.5     25.9
09/28/2008 11:00:00    -6.89   -21.49    22.57    197.8     25.8
09/28/2008 11:30:00    -4.60   -25.09    25.51    190.4     25.9
09/28/2008 12:00:00    -4.05   -25.80    26.12    188.9     25.9
09/28/2008 12:30:00    -5.52   -27.80    28.34    191.2     26.0
09/28/2008 13:00:00    -5.55   -28.85    29.38    190.9     26.0
09/28/2008 13:30:00    -6.53   -29.13    29.85    192.6     25.7
09/28/2008 14:00:00    -7.41   -28.50    29.45    194.6     25.7
09/28/2008 14:30:00    -9.35   -30.71    32.10    196.9     25.7
09/28/2008 15:00:00    -9.52   -31.01    32.44    197.1     25.7
09/28/2008 15:30:00    -9.98   -32.23    33.74    197.2     25.8
09/28/2008 16:00:00   -15.60   -31.05    34.75    206.7     25.8
09/28/2008 16:30:00   -14.44   -29.54    32.88    206.1     25.9
09/28/2008 17:00:00   -17.75   -30.99    35.71    209.8     26.0
09/28/2008 17:30:00   -19.28   -28.58    34.48    214.0     26.0
09/28/2008 18:00:00   -21.48   -29.20    36.25    216.3     26.1
09/28/2008 18:30:00   -21.00   -27.27    34.42    217.6     26.2
09/28/2008 19:00:00   -23.21   -27.86    36.26    219.8     26.3
09/28/2008 19:30:00   -27.47   -25.15    37.24    227.5     26.4
09/28/2008 20:00:00   -28.32   -23.23    36.63    230.6     26.4
09/28/2008 20:30:00   -29.85   -20.88    36.43    235.0     26.5
09/28/2008 21:00:00   -27.53   -19.63    33.81    234.5     26.6
09/28/2008 21:30:00   -27.79   -17.69    32.94    237.5     26.8
09/28/2008 22:00:00   -25.32   -14.35    29.10    240.5     26.8
09/28/2008 22:30:00   -27.39   -13.95    30.74    243.0     26.7
09/28/2008 23:00:00   -22.32   -13.64    26.16    238.6     26.6
09/28/2008 23:30:00   -19.95    -7.04    21.16    250.6     26.5
09/29/2008 00:00:00   -12.88    -5.98    14.20    245.1     26.4
09/29/2008 00:30:00   -12.41    -4.22    13.11    251.2     26.4
09/29/2008 01:00:00   -11.49    -2.39    11.74    258.2     26.3
09/29/2008 01:30:00    -6.04    -5.29     8.03    228.8     26.3
09/29/2008 02:00:00    -5.56    -6.73     8.73    219.6     26.3
09/29/2008 02:30:00    -3.13    -8.53     9.09    200.2     26.3
09/29/2008 03:00:00    -3.26    -7.90     8.55    202.4     26.3
09/29/2008 03:30:00     0.19    -8.70     8.70    178.7     26.3
09/29/2008 04:00:00    -1.47    -8.44     8.57    189.9     26.3
09/29/2008 04:30:00    -2.19    -6.95     7.29    197.5     26.3
09/29/2008 05:00:00    -1.05   -12.10    12.15    185.0     26.3
09/29/2008 05:30:00    -0.09   -18.05    18.05    180.3     26.2
09/29/2008 06:00:00     0.55   -17.24    17.25    178.2     26.2
09/29/2008 06:30:00    -0.33   -16.94    16.94    181.1     26.3
09/29/2008 07:00:00    -1.55   -17.24    17.31    185.1     26.2
09/29/2008 07:30:00    -0.20   -18.42    18.42    180.6     26.2
09/29/2008 08:00:00     0.23   -20.33    20.33    179.4     26.1
09/29/2008 08:30:00     0.94   -21.65    21.67    177.5     26.1
09/29/2008 09:00:00     4.17   -25.83    26.16    170.8     26.1
09/29/2008 09:30:00     3.83   -29.21    29.46    172.5     26.1
09/29/2008 10:00:00     1.96   -31.63    31.69    176.5     26.1
09/29/2008 10:30:00     4.07   -33.44    33.69    173.1     26.1
09/29/2008 11:00:00    -2.46   -33.97    34.06    184.1     26.1
09/29/2008 11:30:00    -3.23   -33.47    33.63    185.5     26.1
09/29/2008 12:00:00    -6.29   -37.16    37.69    189.6     26.1
09/29/2008 12:30:00    -6.42   -34.85    35.44    190.4     26.1
09/29/2008 13:00:00    -7.35   -39.15    39.83    190.6     26.0
09/29/2008 13:30:00   -10.94   -38.70    40.22    195.8     26.0
09/29/2008 14:00:00    -8.96   -39.39    40.40    192.8     26.0
09/29/2008 14:30:00   -10.43   -39.05    40.42    195.0     26.0
09/29/2008 15:00:00   -12.44   -37.41    39.42    198.4     26.0
09/29/2008 15:30:00   -14.19   -37.76    40.34    200.6     26.0
09/29/2008 16:00:00   -13.69   -37.18    39.62    200.2     26.1
09/29/2008 16:30:00   -15.86   -35.68    39.05    204.0     26.1
09/29/2008 17:00:00   -17.16   -35.02    39.00    206.1     26.1
09/29/2008 17:30:00   -15.55   -36.45    39.63    203.1     26.1
09/29/2008 18:00:00   -18.04   -36.43    40.65    206.3     26.3
09/29/2008 18:30:00   -22.45   -28.49    36.27    218.2     26.4
09/29/2008 19:00:00   -21.26   -32.10    38.50    213.5     26.5
09/29/2008 19:30:00   -22.01   -33.96    40.47    212.9     26.6
09/29/2008 20:00:00   -24.48   -32.32    40.54    217.1     26.6
09/29/2008 20:30:00   -29.04   -32.58    43.64    221.7     26.7
09/29/2008 21:00:00   -30.10   -31.84    43.82    223.4     26.6
09/29/2008 21:30:00   -32.96   -33.47    46.97    224.6     26.7
09/29/2008 22:00:00   -35.42   -33.73    48.91    226.4     26.8
09/29/2008 22:30:00   -37.15   -31.49    48.70    229.7     26.8
09/29/2008 23:00:00   -37.59   -31.54    49.07    230.0     26.7
09/29/2008 23:30:00   -35.74   -30.61    47.06    229.4     26.7
09/30/2008 00:00:00   -31.27   -31.33    44.26    224.9     26.7
09/30/2008 00:30:00   -27.54   -26.78    38.41    225.8     26.8
09/30/2008 01:00:00   -26.25   -28.63    38.84    222.5     26.7
09/30/2008 01:30:00   -18.77   -29.30    34.80    212.6     26.5
09/30/2008 02:00:00   -15.60   -29.18    33.09    208.1     26.4
09/30/2008 02:30:00   -12.71   -33.59    35.91    200.7     26.3
09/30/2008 03:00:00   -13.38   -34.72    37.21    201.1     26.3
09/30/2008 03:30:00   -15.71   -34.89    38.26    204.2     26.3
09/30/2008 04:00:00   -13.36   -36.31    38.69    200.2     26.3
09/30/2008 04:30:00   -10.10   -38.37    39.68    194.7     26.3
09/30/2008 05:00:00   -14.41   -38.66    41.26    200.4     26.3
09/30/2008 05:30:00   -14.79   -42.07    44.59    199.4     26.3
09/30/2008 06:00:00   -16.86   -43.05    46.23    201.4     26.3
09/30/2008 06:30:00   -17.63   -41.21    44.82    203.2     26.3
09/30/2008 07:00:00   -17.97   -43.33    46.91    202.5     26.3
09/30/2008 07:30:00   -21.42   -44.84    49.69    205.5     26.2
09/30/2008 08:00:00   -21.48   -43.77    48.76    206.1     26.2
09/30/2008 08:30:00   -21.50   -43.18    48.24    206.5     26.2
09/30/2008 09:00:00   -21.63   -44.15    49.16    206.1     26.2
09/30/2008 09:30:00   -19.77   -46.64    50.66    203.0     26.2
09/30/2008 10:00:00   -19.79   -45.06    49.21    203.7     26.2
09/30/2008 10:30:00   -17.38   -46.69    49.82    200.4     26.2
09/30/2008 11:00:00   -20.39   -47.36    51.56    203.3     26.2
09/30/2008 11:30:00   -21.57   -46.83    51.56    204.7     26.1
09/30/2008 12:00:00   -25.87   -47.87    54.41    208.4     26.1
09/30/2008 12:30:00   -25.64   -44.24    51.13    210.1     26.1
09/30/2008 13:00:00   -23.68   -44.71    50.59    207.9     26.1
09/30/2008 13:30:00   -27.21   -44.82    52.43    211.3     26.1
09/30/2008 14:00:00   -26.99   -41.73    49.70    212.9     26.1
09/30/2008 14:30:00   -29.56   -42.96    52.15    214.5     26.1
09/30/2008 15:00:00   -29.43   -40.12    49.76    216.3     26.1
09/30/2008 15:30:00   -29.02   -40.45    49.78    215.7     26.1
09/30/2008 16:00:00   -34.30   -41.04    53.49    219.9     26.2
09/30/2008 16:30:00   -36.39   -41.21    54.98    221.4     26.2
09/30/2008 17:00:00   -36.64   -37.96    52.76    224.0     26.2
09/30/2008 17:30:00   -38.97   -38.89    55.06    225.1     26.3
09/30/2008 18:00:00   -40.20   -35.83    53.85    228.3     26.3
09/30/2008 18:30:00   -41.77   -34.73    54.32    230.3     26.4
09/30/2008 19:00:00   -41.54   -33.33    53.26    231.3     26.4
09/30/2008 19:30:00   -40.45   -28.04    49.22    235.3     26.4
09/30/2008 20:00:00   -41.25   -31.45    51.87    232.7     26.4
09/30/2008 20:30:00   -41.09   -30.12    50.95    233.8     26.4
09/30/2008 21:00:00   -36.68   -28.10    46.21    232.5     26.5
09/30/2008 21:30:00   -36.21   -26.32    44.77    234.0     26.6
09/30/2008 22:00:00   -44.70   -29.93    53.79    236.2     26.7
09/30/2008 22:30:00   -43.74   -26.73    51.26    238.6     26.8
09/30/2008 23:00:00   -34.21   -20.28    39.77    239.3     26.7
09/30/2008 23:30:00   -38.62   -19.92    43.45    242.7     26.8
10/01/2008 00:00:00   -36.61   -18.16    40.87    243.6     26.8
10/01/2008 00:30:00   -35.56   -18.13    39.92    243.0     26.8
10/01/2008 01:00:00   -35.47   -18.77    40.13    242.1     26.7
10/01/2008 01:30:00   -31.44   -18.42    36.44    239.6     26.7
10/01/2008 02:00:00   -30.87   -17.92    35.69    239.9     26.6
10/01/2008 02:30:00   -30.18   -16.96    34.62    240.7     26.6
10/01/2008 03:00:00   -27.41   -16.98    32.24    238.2     26.6
10/01/2008 03:30:00   -25.20   -14.95    29.30    239.3     26.6
10/01/2008 04:00:00   -20.92   -17.86    27.51    229.5     26.6
10/01/2008 04:30:00   -21.78   -17.50    27.94    231.2     26.5
10/01/2008 05:00:00   -21.57   -17.23    27.61    231.4     26.5
10/01/2008 05:30:00   -19.17   -20.47    28.04    223.1     26.4
10/01/2008 06:00:00   -17.28   -22.02    27.99    218.1     26.4
10/01/2008 06:30:00   -15.84   -20.89    26.22    217.2     26.4
10/01/2008 07:00:00   -12.85   -23.47    26.76    208.7     26.3
10/01/2008 07:30:00   -11.66   -25.37    27.92    204.7     26.3
10/01/2008 08:00:00   -11.49   -28.24    30.49    202.1     26.3
10/01/2008 08:30:00   -12.39   -30.66    33.07    202.0     26.3
10/01/2008 09:00:00   -12.09   -30.06    32.40    201.9     26.3
10/01/2008 09:30:00   -11.68   -32.83    34.85    199.6     26.2
10/01/2008 10:00:00   -11.39   -33.67    35.54    198.7     26.2
10/01/2008 10:30:00   -11.20   -35.65    37.37    197.4     26.2
10/01/2008 11:00:00   -11.67   -35.75    37.61    198.1     26.1
10/01/2008 11:30:00   -12.38   -34.31    36.48    199.8     26.1
10/01/2008 12:00:00   -15.86   -36.63    39.92    203.4     26.1
10/01/2008 12:30:00   -16.68   -37.21    40.78    204.1     26.1
10/01/2008 13:00:00   -20.57   -36.30    41.72    209.5     26.1
10/01/2008 13:30:00   -24.54   -34.11    42.02    215.7     26.1
10/01/2008 14:00:00   -26.47   -34.66    43.61    217.4     26.1
10/01/2008 14:30:00   -28.99   -33.56    44.35    220.8     26.1
10/01/2008 15:00:00   -32.05   -36.78    48.78    221.1     26.1
10/01/2008 15:30:00   -35.74   -36.00    50.73    224.8     26.1
10/01/2008 16:00:00   -37.16   -35.28    51.24    226.5     26.2
10/01/2008 16:30:00   -40.33   -33.27    52.28    230.5     26.2
10/01/2008 17:00:00   -40.92   -30.62    51.11    233.2     26.3
10/01/2008 17:30:00   -45.06   -29.01    53.59    237.2     26.3
10/01/2008 18:00:00   -44.24   -26.93    51.79    238.7     26.4
10/01/2008 18:30:00   -49.84   -26.17    56.29    242.3     26.4
10/01/2008 19:00:00   -52.11   -26.65    58.53    242.9     26.4
10/01/2008 19:30:00   -50.75   -24.99    56.57    243.8     26.5
10/01/2008 20:00:00   -50.16   -25.21    56.14    243.3     26.5
10/01/2008 20:30:00   -46.46   -22.39    51.57    244.3     26.5
10/01/2008 21:00:00   -48.91   -25.50    55.16    242.5     26.5
10/01/2008 21:30:00   -37.44   -22.33    43.59    239.2     26.4
10/01/2008 22:00:00   -34.14   -22.21    40.73    237.0     26.4
10/01/2008 22:30:00   -23.90   -25.23    34.75    223.4     26.3
10/01/2008 23:00:00   -23.17   -24.10    33.43    223.9     26.3
10/01/2008 23:30:00   -21.80   -24.32    32.66    221.9     26.3
