StateCode Division YearMonth     PCP    TAVG    PDSI    PHDI    ZNDX    PMDI     CDD     HDD    SP01    SP02    SP03    SP06    SP09    SP12    SP24    TMIN    TMAX 
      106       00    200601    1.95      50   -3.98   -3.98   -3.27   -3.98      33     399    -.23    -1.3   -1.47   -1.14   -1.28   -1.31     .52    35.9    64.2 
      106       00    200602    1.77    45.6   -4.63   -4.63   -3.17   -4.63       9     460     -.5    -.52   -1.28   -1.68   -1.17   -1.54      .3    32.4    58.8 
      106       00    200603    2.64    56.9    -4.8    -4.8   -1.95    -4.8      77     222    -.05    -.38    -.44   -1.36      -1   -1.46     .25    44.7    69.1 
      106       00    200604    2.55    67.9   -4.96   -4.96   -1.97   -4.96     189      34     -.5    -.35    -.59    -1.3   -1.24   -1.36     .06    54.3    81.5 
      106       00    200605    2.72    72.6    -5.7    -5.7   -3.73    -5.7     293      10   -1.11   -1.18    -.93   -1.43    -1.7   -1.37    -.07    59.9    85.4 
      106       00    200606    2.28      79   -6.28   -6.28   -3.52   -6.28     442       0   -1.07   -1.41   -1.47   -1.29    -1.7   -1.41    -.79      66      92 
      106       00    200607    2.65    82.7   -6.65   -6.65   -3.03   -6.65     560       0    -.58   -1.13   -1.45   -1.39   -1.76   -1.58    -.94    70.5    94.8 
      106       00    200608    3.24    82.7   -6.26   -6.26    -.91   -6.26     598       0     .39    -.22    -.81   -1.14   -1.43   -1.66    -.89    71.1    94.4 
      106       00    200609     3.1    71.7       0   -5.62     .01   -5.56     297      16       0     .14    -.23   -1.16   -1.12   -1.53    -.78    59.2    84.2 
      106       00    200610    4.41    63.5     .73   -4.32    2.16   -3.41     132      87    1.11      .8      .8    -.46    -.61   -1.07     -.8    50.9    76.1 
      106       00    200611    1.69    54.1     .28   -4.25   -1.12   -3.71      35     268    -.55     .53      .4    -.28    -.66   -1.02   -1.37    40.9    67.4 
      106       00    200612    3.73    45.7     .72   -3.34    1.41   -2.25       8     494    1.22     .36     .88     .55    -.37    -.48   -1.02    34.2    57.1 
      106       00    200701    3.72      40    1.56   -2.08    2.75    -.02       7     663    1.48    1.85     .98    1.18     .09    -.12    -.91    30.6    49.4 
      106       00    200702    1.06    44.3     .99   -2.27   -1.22    -.68       8     486    -1.4     .28     .87     .73     .14    -.29   -1.21    32.5    56.2 
      106       00    200703    3.48    59.9     .92   -2.01     .08    -.43      90     171     .82    -.28      .6     .93     .71    -.12   -1.04    47.8      72 
      106       00    200704    2.85    59.1     .93    -1.7     .31    -.07      50     152    -.19     .36    -.35     .37     .77    -.08    -.96    47.2      71 
      106       00    200705    5.27    70.5    1.42    -.93    1.77    1.11     244      13    1.02      .6     .81    1.03     .94     .47     -.6      60      81 
      106       00    200706    5.53    76.9    2.34    2.34     3.2    2.34     404       1    1.56    1.63    1.21    1.18    1.33    1.17     -.2    66.3    87.5 
      106       00    200707    5.45    78.8    3.83    3.83    5.19    3.83     453       0    2.19    2.45    2.38     1.4    1.52     1.7     .07    68.8    88.8 
      106       00    200708    2.65    82.4    4.32    4.32    2.65    4.32     568       0     -.2    1.28    1.99     1.7    1.72    1.54    -.12    71.2    93.7 
      106       00    200709    3.11    75.6    -.05    3.82    -.15    3.71     375       4     .01    -.23     .93     1.5    1.44    1.53    -.07    64.4    86.8 
      106       00    200710    2.52    66.1    -.14    3.33     -.3    3.04     156      56     .01    -.04    -.23     1.5     .94    1.16     .01    52.8    79.4 
      106       00    200711    1.36    54.3    -.73    2.39   -1.79    1.37      37     258     -.9    -.61    -.51     .74     .96    1.13       0    41.4    67.1 
      106       00    200712    2.48    45.2    -.87    1.93    -.65     .64      15     491     .11    -.62    -.51     .16     .78      .9     .28    33.3      57 
      106       00    200801    1.48    42.1   -1.32    1.19   -1.62    -.65       9     613    -.79    -.54    -.92     -.8      .7     .45     .24      30    54.1 
      106       00    200802    2.37    47.7   -1.41     .84    -.68   -1.13      24     396      .2    -.42    -.35    -.63     .43     .72     .32    34.2    61.1 
      106       00    200803     3.4    54.6    -.95    1.07     .93     -.5      48     278     .74      .6     .05    -.39      .1      .7     .42    41.1    68.1 
      106       00    200804    3.36    61.5    -.66    1.15      .6    -.16      90     111     .28      .6     .55    -.29    -.42     .82     .57    48.2    74.8 
      106       00    200805    3.84      71    -.72     .91    -.38    -.45     271      16    -.06      .1     .41     .03    -.36     .48     .73    58.7    83.4 
      106       00    200806    3.19    80.1    -.85     .61    -.62    -.81     489       1    -.28    -.28    -.12    -.05    -.39    -.01     .84    68.1      92 
      106       00    200807    2.59    81.2   -1.12   -1.12   -1.07   -1.12     536       0    -.65    -.61    -.54    -.03    -.47    -.56     .84    69.4      93 
      106       00    200808    5.27    79.3    1.19    1.19    3.56    1.19     495       1    1.92    1.12      .6      .6     .31    -.06     1.1    68.7    89.8 
      106       00    200809    4.33    71.9    1.71    1.71    1.93    1.71     286      13     .99    2.09    1.47     .76     .61     .17    1.34    60.7    83.1 
      106       00    200810    2.76    62.6    1.69    1.69     .47    1.69     100     100     .18     .63    1.41     .64     .75     .24    1.05    49.3    75.8 
      106       00    200811    1.54      53    -.43    1.09   -1.29     .37      30     292     -.7    -.36     .18     .44     .51      .3    1.03    39.8    66.3 
      106       00    200812       2      44    -.72     .64   -1.01     -.6       8     541    -.42    -.82    -.54     .45     .22     .22     .72    31.3    56.8 
      106       00    200901    1.05    43.3   -1.42   -1.42   -2.31   -1.42      14     579   -1.36   -1.25    -1.3     .27    -.15     .13      .4    29.6    56.9 
      106       00    200902    1.22      51   -2.31   -2.31   -3.11   -2.31      30     325   -1.19   -1.79   -1.58    -.76    -.36    -.14     .43    36.9    65.1 
      106       00    200903    3.41    55.7       0   -2.07     .01      -2      54     253     .75    -.21    -.83    -.87    -.08    -.14     .41    43.1    68.2 
      106       00    200904    3.96    61.6     .48   -1.37    1.44     -.6      82     110     .77     .93     .28    -.69     .31    -.03      .6    48.6    74.6 
      106       00    200905    4.26    70.4     .56   -1.11     .36    -.15     259      21     .28     .65     .82    -.31    -.22     .05     .45    59.2    81.6 
      106       00    200906    2.37    79.9    -.54   -1.54   -1.63   -1.22     491       0    -.99    -.49    -.03    -.49     -.7    -.11    -.04    67.9    91.9 
      106       00    200907    4.37    81.3     .42    -.96    1.27    -.07     557       1     1.2    -.02     .09     .22    -.44     .27    -.19    69.5    93.1 
      106       00    200908    2.73    80.3     .37    -.87    -.04       0     530       1    -.12     .61    -.19     .43    -.33    -.24    -.14    68.4    92.1 
      106       00    200909    5.02    72.5    1.25    1.25    2.75    1.25     307      13     1.5    1.01    1.43      .8     .24    -.11     .08    62.1    82.8 
      106       00    200910    7.26    60.2    3.39    3.39    6.82    3.39     102     141    2.26    2.43    2.32    2.03    1.58     .79     .75    49.6    70.7 
      106       00    200911    1.31      55     3.1     3.1     .18     3.1      30     252    -.96    1.53    1.88    1.55    1.53     .78     .73    42.3    67.6 
      106       00    200912    3.63    39.7    4.11    4.11    3.99    4.11       1     675    1.14     .08     1.7    2.27    1.68    1.12     .87    29.5    49.9 
      106       00    201001    2.51    39.8    4.24    4.24    1.67    4.24       6     686     .37    1.01     .15    1.97    1.74    1.44    1.03    28.8    50.7 
      106       00    201002     2.7      40    4.35    4.35    1.63    4.35       1     626     .56     .59    1.04    2.11    1.85    1.81    1.11    30.6    49.4 
      106       00    201003    2.24      52    -.13    3.77     -.4    3.56      22     352    -.48     .01     .16    1.39     2.1    1.57     .97    39.5    64.4 
      106       00    201004     2.6    63.6    -.43    3.07    -.92    2.46      97      76    -.45    -.59    -.27    -.12    1.49     1.3     .89    51.1    76.1 
      106       00    201005     3.6    71.5    -.68    2.46     -.9    1.46     300      15    -.27    -.51    -.63     .15    1.33    1.13     .85    59.7    83.3 
      106       00    201006    3.36    81.6    -.85    1.97    -.71     .69     523       0    -.14    -.31    -.49    -.25     .76     1.3     .86    70.4    92.8 
      106       00    201007    4.84    81.5     -.2    2.32    1.68    1.63     545       0    1.64     .85     .45     .15     .17    1.34     1.2    71.6    91.4 
      106       00    201008    2.32    83.6    -.55    1.72   -1.09     .63     619       0     -.6     .65     .33    -.24     .27    1.22     .76    71.3    95.9 
      106       00    201009    3.48    76.2    -.56    1.47    -.22     .32     386       4     .32    -.21     .62    -.01     .06     .89     .63      64    88.3 
      106       00    201010    1.04    64.9   -1.29   -1.29   -2.35   -1.29     129      71   -1.45    -.63    -.91    -.39    -.42     -.3     .32    49.8      80 
      106       00    201011    2.26    53.6   -1.48   -1.48    -.97   -1.48      30     273    -.02    -.97     -.6     -.3    -.55    -.11     .41    40.3      67 
      106       00    201012     .93    43.9   -2.31   -2.31   -2.94   -2.31       6     554   -2.06   -1.07   -1.51    -.71    -.83    -.65     .32    31.4    56.4 
      106       00    201101    1.75    40.4    -2.8    -2.8   -2.18    -2.8       7     665    -.46   -1.55   -1.12   -1.38    -.86    -.83     .43    28.1    52.6 
      106       00    201102    1.45    44.8   -3.42   -3.42   -2.75   -3.42       9     467    -.89    -.95   -1.67    -1.4    -.98    -1.1     .47    31.7    57.9 
      106       00    201103    1.54    56.9   -4.14   -4.14   -3.19   -4.14      75     228   -1.27   -1.46   -1.38   -1.78   -1.23   -1.26      .2    43.9    69.9 
      106       00    201104    2.77    66.2   -4.13   -4.13   -1.26   -4.13     169      54    -.27      -1   -1.28   -1.46   -1.73   -1.23     .05    51.9    80.4 
      106       00    201105    2.86    70.6   -4.63   -4.63   -2.79   -4.63     257      20    -.96    -.91    -1.4   -1.94   -1.68   -1.36    -.16    57.8    83.5 
      106       00    201106    1.69      83   -5.77   -5.77   -4.85   -5.77     564       0   -1.61   -1.68    -1.6   -1.98   -2.04   -1.64    -.29    69.9    96.2 
      106       00    201107       2    86.1   -6.79   -6.79   -4.85   -6.79     670       0   -1.33   -1.92   -1.98   -2.21   -2.18   -2.16    -.63    73.7    98.6 
      106       00    201108    1.86      86   -7.35   -7.35   -3.77   -7.35     693       0   -1.27   -1.61   -2.01   -2.19   -2.41   -2.09    -.73      73      99 
      106       00    201109    2.42      74   -7.07   -7.07   -1.44   -7.07     357      11    -.61   -1.22   -1.56   -2.07   -2.24   -2.27   -1.14      60      88 
      106       00    201110    2.04    63.7   -6.67   -6.67    -.98   -6.67     118      85    -.36    -.67   -1.17   -1.97   -2.21   -2.22   -1.75    49.5    77.9 
      106       00    201111    2.95    53.9   -6.05   -6.05     -.2   -6.05      36     266     .54       0    -.33   -1.58   -1.89   -2.18   -1.53    41.5    66.4 
      106       00    201112     3.6    43.8   -5.11   -5.11     .94   -4.71       7     537    1.12     .98     .41    -.71   -1.36   -1.67   -1.48      34    53.5 
      106       00    201201    2.32    47.3   -4.68   -4.68    -.29   -4.34      27     463     .18     .86     .85    -.29   -1.28   -1.58   -1.57      34    60.5 
      106       00    201202    2.95    48.6   -3.84   -3.84    1.09   -3.04      20     373     .83     .63    1.06     .29    -.88   -1.28   -1.58    37.9    59.3 
      106       00    201203    4.22    62.1   -3.19   -3.19     .74   -2.09     120     134    1.54    1.56    1.24     .93    -.03    -.74   -1.31    49.9    74.3 
      106       00    201204    2.39    66.9   -3.51   -3.51   -1.94   -3.06     163      45    -.68     .52     .76     .97      .1    -.84   -1.42    54.2    79.6 
      106       00    201205    2.41      74   -4.31   -4.31   -3.49   -4.31     328       4   -1.44   -1.57    -.32     .34    -.03    -.92   -1.63    61.6    86.3 
      106       00    201206    2.32    80.3   -4.91   -4.91   -3.13   -4.91     479       0   -1.04   -1.57    -1.7    -.38    -.13    -.76   -1.73    67.6    93.1 
      106       00    201207    3.09    83.7   -5.18   -5.18   -2.33   -5.18     586       0     -.1    -.84   -1.37    -.47     .05    -.52   -1.98    71.6    95.7 
      106       00    201208    3.42    81.6   -4.75   -4.75    -.31   -4.75     555       0     .56      .2     -.5    -.58       0    -.22   -1.86    68.9    94.2 
      106       00    201209    3.81    74.7   -4.11   -4.11     .45   -3.89     356       6     .59     .69     .45    -.88    -.12     .04   -1.74    62.2    87.2 
      106       00    201210    1.35    62.4   -4.23   -4.23   -1.63   -4.23     109     104   -1.04    -.28     -.1   -1.03    -.47    -.07   -1.61    49.8      75 
      106       00    201211     .79    54.7    -4.9    -4.9    -3.3    -4.9      36     263   -1.61   -1.84    -.99   -1.05   -1.01    -.49   -1.75    40.3    69.2 
      106       00    201212    2.13    47.5   -5.16   -5.16    -2.3   -5.16      16     435    -.27   -1.27   -1.49     -.8   -1.47    -.79   -1.57      35    59.9 
      106       00    201301    3.73    44.6   -4.59   -4.59      .1    -4.5      17     530    1.49     .82    -.25    -.28    -.98    -.52   -1.36    33.5    55.6 
      106       00    201302    2.71    46.9   -4.17   -4.17    -.15   -4.08      20     408     .57     1.4      .9    -.25    -.51    -.59   -1.22    34.8      59 
      106       00    201303    1.48    51.8   -4.25   -4.25   -1.52   -4.25      30     353   -1.34    -.54     .42    -.81    -.51   -1.17   -1.25    38.5    65.1 
      106       00    201304    3.26    59.5     .28   -3.53     .83   -3.16      58     147     .19    -.67    -.32     -.4    -.43      -1   -1.24    46.5    72.5 
      106       00    201305    3.86    69.6       0   -3.17       0   -2.74     212      23    -.05     .06    -.54     .11    -.55    -.71    -1.1    57.5    81.7 
      106       00    201306    3.01    79.6    -.25   -3.09    -.73   -2.88     472       1    -.44    -.36    -.23     .07    -.76    -.53    -.89    67.9    91.4 
      106       00    201307    3.87    79.9     .36   -2.41    1.08   -1.74     502       0     .71     .06    -.03    -.21    -.29    -.35    -.62    68.7    91.2 
      106       00    201308    2.67      81     .29    -2.2     -.1   -1.53     541       1    -.18     .22    -.15    -.49       0    -.49    -.46    69.5    92.6 
      106       00    201309    3.86    76.8     .35   -1.88     .28   -1.07     414       3     .63     .26      .5      .1     .26    -.48    -.31    64.5    89.1 
      106       00    201310    3.32    63.8      .6    -1.4     .85    -.28     133      83     .53     .66     .44      .2     .02     -.1    -.15    51.8    75.8 
      106       00    201311    2.49    49.9     .65   -1.14     .34     .08      13     376     .18      .4     .57     .29    -.06     .26    -.24    38.6    61.2 
      106       00    201312    2.21    41.5    -.01   -1.03    -.03     .14       4     629    -.18    -.07     .18     .43     .14     .29    -.31    30.1    52.8 
      106       00    201401     .78    39.8    -.59    -1.5   -1.73    -.83       4     695   -1.76    -1.3    -.84    -.25    -.27    -.33    -.52      26    53.6 
      106       00    201402    1.73    42.9    -.77   -1.59    -.74   -1.03       7     520    -.55   -1.57    -1.3    -.29    -.36    -.55    -.72    31.3    54.6 
      106       00    201403    2.09    50.6    -.83   -1.57    -.42   -1.07      19     384    -.64    -.82   -1.46    -.68    -.38    -.43   -1.04      37    64.3 
      106       00    201404    2.54    62.2    -.99   -1.65    -.72   -1.31      87     100    -.51    -.75    -.93   -1.11    -.68    -.61   -1.07      49    75.5 
      106       00    201405    4.22    70.1     .13   -1.35     .38    -.81     216      16     .25    -.16    -.41   -1.11    -.52    -.54     -.8    57.5    82.7 
      106       00    201406    4.91    78.6      .8      .8    2.05      .8     441       1    1.09     .82     .43    -.49    -.33    -.12    -.42    68.2    88.9 
      106       00    201407    3.37    79.2    1.36    1.36    1.94    1.36     481       1      .2      .9     .76       0     -.4     -.2    -.38    68.1    90.3 
      106       00    201408    2.51      81    1.36    1.36     .41    1.36     540       0    -.37    -.23     .47    -.03    -.57    -.24    -.48    69.3    92.8 
      106       00    201409    3.13    74.6    -.07    1.15    -.21     .95     362       7     .03    -.31    -.22     .15    -.53    -.38    -.63    63.9    85.4 
      106       00    201410     2.8    66.6    -.13     .97    -.19     .57     178      51      .2     .11    -.16     .31    -.15    -.47    -.44    53.5    79.6 
      106       00    201411    2.45      48    -.04     .94     .22      .6       9     424     .14     .13     .08     .28    -.02    -.48    -.23    35.9    60.1 
      106       00    201412    2.05    46.8    -.34    -.34    -.92    -.34      13     458    -.36    -.19    -.11    -.25     .01    -.51    -.13    37.7    55.9 
      106       00    201501    2.67    41.2     .11     .11     .34    -.19       5     652     .53     .03     .01    -.16     .24    -.13    -.27    30.1    52.3 
      106       00    201502    1.68    42.7     .02     .02    -.24    -.25       5     542    -.61    -.03    -.31    -.17     .06    -.16    -.43    30.8    54.6 
      106       00    201503    3.78      54     .56     .56    1.62     .56      38     298    1.11     .38     .53     .15    -.01     .19    -.12    42.6    65.6 
      106       00    201504    4.59    64.4     1.1     1.1    1.78     1.1     131      68    1.23    1.41     .99     .59     .34     .63     .08      53    75.7 
      106       00    201505    9.44    69.6    3.62    3.62    7.91    3.62     245      22    3.09    2.97    2.78    2.21    1.77    1.88     .89    59.4    79.8 
      106       00    201506    3.99    78.7    3.51    3.51     .79    3.51     443       0     .37    2.84    2.72    2.26    1.72    1.56    1.02      68    89.2 
      106       00    201507    3.34    82.4    3.47    3.47     .96    3.47     573       0     .16     .33    2.59    2.26    1.78    1.47     .95    71.5    93.3 
      106       00    201508    2.17    80.8    2.84    2.84    -.82    2.45     537       1     -.8    -.48    -.17    2.34    1.71    1.36     .86    68.5      93 
      106       00    201509    1.66    77.4    1.55    1.55   -2.98    -.06     408       2   -1.37   -1.53   -1.13     1.6    1.49    1.05     .54    65.2    89.7 
      106       00    201510    4.98    66.3    2.24    2.24    2.54    1.61     172      55    1.37     .43       0    1.87    1.82    1.51     .74    53.8    78.7 
      106       00    201511    5.41    55.3    3.41    3.41     4.2    3.41      47     236    2.09    2.15     1.4    1.05     2.6    2.15    1.23    44.5    66.1 
      106       00    201512    4.09    49.5    4.28    4.28    3.67    4.28      24     383    1.49     2.4    2.43    1.44    2.85    2.55    1.34    37.9    61.1 
