StateCode Division YearMonth     PCP    TAVG    PDSI    PHDI    ZNDX    PMDI     CDD     HDD    SP01    SP02    SP03    SP06    SP09    SP12    SP24    TMIN    TMAX 
       41       00    200601    1.06    52.9    -3.2    -3.2   -2.54    -3.2      38     328    -.44   -1.39   -1.53   -1.12   -1.23   -1.18     .73    37.5    68.3 
       41       00    200602    1.14    50.2   -3.55   -3.55   -2.02   -3.55      13     369    -.47    -.63    -1.3   -1.64   -1.28   -1.48     .55    36.2    64.2 
       41       00    200603    2.07    61.1   -3.42   -3.42    -.72   -3.42     103     147     .47    -.03    -.26    -.96    -.81   -1.41     .53    48.7    73.5 
       41       00    200604    1.51    70.7    -4.1    -4.1    -3.1    -4.1     231      14     -.6    -.11    -.36   -1.18   -1.13   -1.26     .23      57    84.4 
       41       00    200605     2.2    75.7   -4.95   -4.95   -3.82   -4.95     349       0    -.82   -1.06    -.64   -1.23   -1.56   -1.38     .22    62.2    89.3 
       41       00    200606    1.96    80.8   -5.56   -5.56   -3.37   -5.56     475       0    -.67   -1.07   -1.23   -1.01    -1.3    -1.2    -.43    67.6    93.9 
       41       00    200607    2.31    83.4   -5.59   -5.59    -1.8   -5.59     579       0     .05    -.53    -.95     -.9   -1.37   -1.27    -.43    71.4    95.4 
       41       00    200608    2.36    83.6   -5.28   -5.28     -.8   -5.28     627       0     .23     .03    -.45    -.75   -1.14   -1.41    -.53    71.7    95.3 
       41       00    200609    3.27    74.1     .14    -4.6     .41   -4.39     348       4     .33     .26     .12    -.76    -.73   -1.07    -.48    61.9    86.2 
       41       00    200610    4.03    66.8     .69   -3.56    1.71   -2.66     173      44     .97     .84     .72    -.09    -.25    -.77     -.5    54.2    79.3 
       41       00    200611     .72    57.9     .01    -3.8   -1.84   -3.54      52     195   -1.09      .3     .35     -.1     -.4     -.8   -1.25    44.1    71.7 
       41       00    200612     2.5    48.2     .26   -3.16     .75   -2.57      10     424     .85    -.13     .51     .41    -.32    -.37    -.85    36.3    60.2 
       41       00    200701    3.55    42.5    1.23   -1.83       3    -.13       6     604    1.98    1.86     .86       1     .29      .1    -.67      33    52.1 
       41       00    200702     .48    49.4     .68   -2.07   -1.26    -.84      11     388   -1.43     .76     .96     .71     .33    -.03    -.94    36.5    62.2 
       41       00    200703    4.47    61.9    1.84    -.63    3.68    1.77     108     133    2.62    1.24    1.89    1.31    1.23     .42    -.62      50    73.7 
       41       00    200704    2.15    61.7    1.92    1.92     .82    1.92      64     108     .05    1.41     .81     .97    1.15     .55    -.45    49.4      74 
       41       00    200705    5.54    71.4    2.96    2.96    3.69    2.96     270       7    1.51    1.08    1.81    1.84    1.49    1.19    -.07    61.2    81.5 
       41       00    200706    5.33    77.9    4.21    4.21    4.69    4.21     430       0    1.67    2.03    1.65    2.06    1.82    1.72      .5    67.2    88.5 
       41       00    200707    5.37      79    6.44    6.44    7.99    6.44     466       0    2.27    2.62     2.9    2.34    2.19    2.07     .81    69.1    88.9 
       41       00    200708    2.92    81.8     7.7     7.7    5.76     7.7     565       0     .65    1.99    2.62    2.65    2.57    2.12     .74      71    92.7 
       41       00    200709    2.68    77.1    -.02    6.89    -.06    6.81     411       0     -.1     .24    1.41    2.15    2.45    2.14     .92    66.1    88.2 
       41       00    200710    1.15    68.6    -.55    5.65   -1.59    4.95     191      29     -.9     -.7    -.36     1.8    1.72    1.74     .77    54.6    82.7 
       41       00    200711    1.34    57.6    -.84    4.71   -1.06    3.59      53     189     -.3    -.93    -.82    1.07    1.79     1.9     .86    44.8    70.4 
       41       00    200712    1.22    49.2   -1.12    3.87   -1.08    2.34      18     399    -.43    -.57    -.97     .26    1.15    1.64      .8    35.6    62.6 
       41       00    200801     .94    46.1   -1.47       3    -1.4       1      11     520    -.61    -.81    -.82    -.79    1.14    1.24     .82    33.2      59 
       41       00    200802     1.1    53.2   -1.92    2.09    -1.8    -.44      33     288    -.53    -.77    -.89   -1.13     .53    1.35     .84      38    68.4 
       41       00    200803    2.34    58.4   -1.52    2.07     .59    -.15      64     204     .75     .15     -.2    -.81      .1     .97      .9    44.2    72.6 
       41       00    200804    1.87    65.3   -1.63     1.6    -.79    -.75     120      60    -.21     .27    -.03    -.59    -.72     .92     .99    50.9    79.6 
       41       00    200805    2.29    74.3   -2.32     .57   -2.58   -2.31     331       2    -.74    -.75    -.27    -.74   -1.02     .28    1.02    61.4    87.2 
       41       00    200806    1.93    82.9   -3.07   -3.07   -2.97   -3.07     548       0     -.7   -1.03   -1.01    -.82    -1.1    -.36    1.03    70.3    95.5 
       41       00    200807    2.29    81.7    -3.2    -3.2   -1.34    -3.2     560       0     .03    -.56    -.93    -.68    -.89    -.93    1.02    70.1    93.4 
       41       00    200808    4.52    80.8   -1.82   -1.82    3.15    -.49     540       0    1.59    1.25     .54     .15    -.26    -.59    1.27    69.8    91.8 
       41       00    200809    2.85    73.3   -1.63   -1.63     .02     -.3     321       5     .03    1.07     .86    -.12    -.18    -.59    1.28    61.4    85.1 
       41       00    200810    2.16    65.4   -1.58   -1.58    -.36     -.4     129      59    -.07    -.09     .67    -.12    -.14    -.42    1.02    51.5    79.3 
       41       00    200811     .99    56.8   -2.01   -2.01   -1.77   -1.45      46     209    -.71    -.51    -.44    -.07    -.21    -.51    1.08    42.6    70.9 
       41       00    200812     .52    48.2    -2.6    -2.6   -2.39    -2.6       9     451   -1.58   -1.38    -.99    -.13    -.65    -.64     .64    34.3    62.1 
       41       00    200901      .4    47.9   -3.32   -3.32   -2.96   -3.32      17     471   -1.51   -1.98   -1.72    -.42    -.87    -.78     .29    32.7    63.1 
       41       00    200902     .62    55.5   -4.18   -4.18   -3.59   -4.18      42     236   -1.21    -1.8   -2.13   -1.43    -.87    -.88     .33    40.6    70.5 
       41       00    200903    2.21    59.5   -3.89   -3.89    -.42   -3.89      69     186     .62    -.33    -.87   -1.18    -.53    -.93     .05    46.3    72.7 
       41       00    200904     3.2    64.8   -3.36   -3.36     .39   -3.14     109      67     .85     .89     .33    -.87    -.25    -.67     .19    51.1    78.6 
       41       00    200905     2.3    73.6   -3.92   -3.92   -2.73   -3.92     314       5    -.73     .04     .28    -.93    -.94    -.64    -.24    61.5    85.6 
       41       00    200906    1.87    81.7   -4.72   -4.72   -3.62   -4.72     530       0    -.75   -1.06     -.4    -.78   -1.08    -.61    -.75    69.1    94.3 
       41       00    200907    3.09    84.1   -4.51   -4.51    -.82   -4.51     629       0     .73    -.12    -.56    -.21    -.92    -.41   -1.09    71.8    96.4 
       41       00    200908    1.62    83.3    -4.7    -4.7   -1.97    -4.7     609       0    -.49     .06    -.47    -.13    -.93    -.93   -1.26    70.6    95.9 
       41       00    200909     4.2    74.1     .54   -3.68    1.61   -3.02     339       4     .92     .35     .54     .04    -.33    -.71   -1.08    63.2      85 
       41       00    200910    5.55    64.2    1.78      -2    3.91     .17     133      80     1.6    1.64    1.28     .61      .6     -.1    -.45    52.7    75.6 
       41       00    200911    1.26    57.3    1.44   -1.95    -.48    -.03      41     201    -.39    1.12    1.32     .73     .67    -.04    -.49    43.6    70.9 
       41       00    200912    2.22    43.1    1.82   -1.22    1.58    1.16       1     601     .62     .03     1.1    1.17     .65     .29    -.26    32.3    53.9 
       41       00    201001    2.37    44.4    2.29    2.29    1.98    2.29       7     577    1.01     .98     .41     1.2     .66     .66    -.09    32.4    56.5 
       41       00    201002    2.59      44    2.98    2.98    2.77    2.98       1     545    1.23    1.35    1.28    1.64    1.17    1.03     .11    33.9      54 
       41       00    201003    1.87    54.8    2.97    2.97     .89    2.97      30     288     .25      .9    1.09    1.33    1.49     .98     .05    41.4    68.3 
       41       00    201004    2.69      65    3.03    3.03    1.11    3.03     113      57     .49     .47     .84     .71    1.33     .88     .17    52.7    77.4 
       41       00    201005    2.27    73.8    2.35    2.35   -1.11    1.83     344       3    -.75    -.26    -.11     .61    1.16     .86     .18    61.5      86 
       41       00    201006    2.78    82.7    2.13    2.13     .08     1.6     546       0     .03    -.53    -.23     .43     .84    1.01     .31    71.1    94.2 
       41       00    201007    5.12    81.4    3.17    3.17    3.76    3.17     555       0    2.12     1.4     .71     .93     .87    1.28     .69    71.8    90.9 
       41       00    201008    1.28    84.4    -.46    2.38   -1.39    1.75     650       0    -.94    1.03     .74     .38      .8    1.19     .26    71.7      97 
       41       00    201009    4.31    77.7    -.02    2.52    1.18    2.32     421       0     .99     .24     1.3     .66     .99    1.24     .45    66.2    89.2 
       41       00    201010     .76    67.2    -.78     1.5   -2.28     .34     158      42   -1.35    -.07    -.53     .02     .38     .45     .21    52.3      82 
       41       00    201011    1.04    56.6   -1.25      .8   -1.65    -.97      42     213    -.65   -1.44     -.4     .08    -.01     .43     .19    42.3    70.9 
       41       00    201012     .73    49.2   -1.84   -1.84   -2.16   -1.84      10     426   -1.16   -1.16   -1.61    -.16     -.3     .15     .21    35.4      63 
       41       00    201101    1.55      45   -1.96   -1.96    -.93   -1.96       9     559     .17    -.71    -.92    -.97    -.43    -.03     .37    31.7    58.2 
       41       00    201102     .65    48.7    -2.5    -2.5   -2.21    -2.5      12     383   -1.16    -.63   -1.11    -.92    -.39    -.41     .39    34.5    62.9 
       41       00    201103     .27    61.8   -3.39   -3.39   -3.45   -3.39     101     146   -1.99   -1.95   -1.33   -1.79    -.74    -.77     .16    47.5    76.2 
       41       00    201104      .7    70.3   -4.47   -4.47    -4.3   -4.47     219      17   -1.99   -3.09   -3.03   -1.85   -1.81   -1.18    -.17    54.9    85.7 
       41       00    201105    1.56    74.1   -5.39   -5.39   -4.15   -5.39     317       4   -1.52   -2.35   -3.09    -2.5   -1.85   -1.31    -.27    60.3    87.8 
       41       00    201106     .98    85.2   -6.56   -6.56   -5.17   -6.56     601       0   -1.73   -2.31   -2.84   -2.95   -2.45   -1.68    -.39    71.4      99 
       41       00    201107     .74      87   -7.33   -7.33   -4.32   -7.33     696       0   -1.89   -2.33   -2.73   -3.09   -2.86   -2.64    -.73    74.2    99.7 
       41       00    201108     .74    88.2   -7.86   -7.86   -3.87   -7.86     750       0   -2.16   -2.37   -2.62   -3.09   -3.09   -2.52    -.84    74.7   101.6 
       41       00    201109    1.14    77.9   -8.06   -8.06   -3.01   -8.06     444       1   -1.46   -2.12   -2.28   -3.09   -3.09   -3.06   -1.36    63.1    92.6 
       41       00    201110    2.23    66.9   -7.39   -7.39    -.49   -7.39     160      43    -.02    -.98   -1.55   -2.68   -3.09   -3.04   -1.77    52.8    81.1 
       41       00    201111    1.28    56.9   -7.08   -7.08   -1.35   -7.08      50     205    -.37    -.31   -1.08   -2.31   -3.09   -3.09   -1.72    43.5    70.3 
       41       00    201112    2.86    46.1   -5.91   -5.91    1.31   -5.39       8     474    1.13     .42     .18   -1.47   -2.39   -2.71    -1.4    36.5    55.7 
       41       00    201201    2.27    50.4   -5.17   -5.17      .4   -4.45      31     387     .91    1.32     .68     -.7   -1.82   -2.49   -1.48    36.5    64.4 
       41       00    201202    2.29    51.8    -4.4    -4.4     .73   -3.37      25     307     .91     1.1    1.39     .01    -1.3   -2.14   -1.58    40.6    62.9 
       41       00    201203    3.07    63.2   -3.54   -3.54    1.22   -2.06     130     112    1.46    1.53    1.48     .85    -.51   -1.49   -1.47    50.8    75.6 
       41       00    201204    1.27    70.2   -3.77   -3.77   -1.78   -2.88     208      18    -.91     .35     .61     .72    -.33   -1.39   -1.77    56.6    83.9 
       41       00    201205    2.88    75.5   -3.84   -3.84   -1.38   -3.36     362       1    -.22    -.76     .07     .79    -.03    -1.1   -1.76    63.3    87.7 
       41       00    201206    1.86    82.4   -4.14   -4.14   -2.09   -4.14     524       0    -.76    -.71   -1.05     .17     .12    -.87   -1.97    69.6    95.1 
       41       00    201207     2.7    83.4   -3.94   -3.94    -.68   -3.94     586       0      .4    -.35    -.48     .03      .3    -.43   -2.38    71.6    95.1 
       41       00    201208    1.84    83.7   -4.01   -4.01   -1.44   -4.01     608       0    -.25    -.05    -.56    -.34     .33    -.23   -2.24      71    96.4 
       41       00    201209    3.95    76.6   -3.31   -3.31     .87   -2.92     400       1     .77     .34     .36    -.49     .29     .24   -2.28    64.1    89.2 
       41       00    201210     .69    65.9   -3.71   -3.71   -2.22   -3.71     146      58   -1.44    -.27    -.47    -.72    -.32    -.02   -2.12    53.2    78.5 
       41       00    201211     .31      59   -4.38   -4.38   -3.17   -4.38      55     180   -1.85   -2.22    -.93   -1.05    -.84    -.21   -2.13    44.6    73.4 
       41       00    201212     .97    51.1   -4.61   -4.61   -2.04   -4.61      21     352    -.77   -1.58   -1.96      -1   -1.34    -.58   -1.82    37.4    64.6 
       41       00    201301    2.46    47.9   -4.08   -4.08     .18   -3.95      19     451    1.09     .19    -.69     -.8    -.93    -.57   -1.81    36.4    59.4 
       41       00    201302    1.21    51.7   -4.13   -4.13   -1.43   -4.13      28     309    -.38     .52    -.04    -.75    -.94    -.79   -1.82    38.4    64.9 
       41       00    201303     .66    57.2   -4.31   -4.31    -1.8   -4.31      45     247   -1.34   -1.11    -.23   -1.37    -.98    -1.3   -1.83    42.6    71.8 
       41       00    201304    1.77      63   -4.19   -4.19    -.97   -4.19      75      96    -.31   -1.03   -1.04   -1.05   -1.15   -1.21   -1.79    48.9    77.1 
       41       00    201305    2.42    72.5   -4.48   -4.48   -2.18   -4.48     261       6    -.61    -.73    -1.2    -.84   -1.14   -1.29   -1.74    59.8    85.2 
       41       00    201306    2.33    81.8   -4.84   -4.84   -2.47   -4.84     522       0    -.34     -.7    -.79    -.69    -1.4   -1.15   -1.57    69.7      94 
       41       00    201307     3.1    81.3    -4.4    -4.4    -.16    -4.4     546       0     .73     .15    -.29    -.79    -.91      -1   -1.17    69.9    92.7 
       41       00    201308    1.41    83.3   -4.67   -4.67   -2.16   -4.67     601       0    -.75    -.07    -.35      -1     -.8   -1.04   -1.03    70.8    95.8 
       41       00    201309    4.05    78.2   -3.95   -3.95      .7   -3.63     458       0     .83     .17     .39    -.32    -.35   -1.04    -.65    66.2    90.2 
       41       00    201310    3.31    66.7   -3.26   -3.26     .85   -2.56     167      45     .61     .86     .41     .05    -.39    -.59    -.52    54.2    79.1 
       41       00    201311    1.94    52.9   -2.77   -2.77     .47   -1.86      19     309     .27     .52     .79     .33    -.27    -.28    -.45    41.5    64.3 
       41       00    201312    1.36    44.8   -2.59   -2.59    -.33   -1.77       4     554    -.26    -.08     .27      .4    -.14    -.19    -.52    32.9    56.7 
       41       00    201401     .37    44.5   -2.94   -2.94   -1.84   -2.71       6     581   -1.57   -1.19    -.72    -.12    -.32    -.64    -.77      30      59 
       41       00    201402     .73    48.4    -3.2    -3.2    -1.7    -3.2      10     417   -1.05   -1.71   -1.43    -.08     -.3    -.74    -.98    35.7    61.1 
       41       00    201403    1.11    54.8    -3.1    -3.1    -.67    -3.1      28     300    -.68   -1.14    -1.5    -.59    -.32    -.68   -1.28    40.7    68.9 
       41       00    201404     .98    65.4   -3.49   -3.49   -2.14   -3.49     115      58   -1.37    -1.4   -1.69   -1.34    -.79    -.85    -1.4    51.7    79.1 
       41       00    201405     4.1      72   -3.06   -3.06      .2   -2.93     246       6     .67    -.19    -.42   -1.15    -.32    -.47   -1.26      59    85.1 
       41       00    201406    3.01    80.6   -3.14   -3.14   -1.18   -3.14     484       0      .2     .53    -.09    -.88    -.52     -.3   -1.11    69.8    91.4 
       41       00    201407    2.58    81.7   -3.02   -3.02    -.61   -3.02     542       0      .3     .24     .51    -.46    -.68    -.36   -1.11    70.3    93.1 
       41       00    201408    1.73    82.6    -3.2    -3.2   -1.46    -3.2     587       0    -.36     -.2    -.12    -.38     -.9     -.3    -1.1    70.6    94.7 
       41       00    201409    3.59    76.4   -2.72   -2.72     .44   -2.48     407       1     .54      .1      .1    -.05    -.65    -.42    -1.2    66.2    86.6 
       41       00    201410    1.76    69.6   -2.92   -2.92   -1.44   -2.92     227      21    -.36     .06    -.23     .09    -.55    -.73   -1.03    56.4    82.8 
       41       00    201411    2.83    51.5     .59   -2.03    1.77   -1.24      13     341     .95     .23     .41     .14    -.11    -.58     -.7    39.4    63.6 
       41       00    201412    1.22    50.7     .22   -2.13    -.93   -1.67      17     368    -.43     .37    -.03    -.02    -.11     -.6    -.53    40.9    60.5 
       41       00    201501    2.67      44     .74   -1.37    1.62    -.22       5     584    1.27     .51     .83     .28     .43    -.16    -.52    33.3    54.6 
       41       00    201502    1.09    48.2     .51   -1.38    -.45    -.41       7     429    -.54     .58     .15     .33     .16    -.08    -.54    36.1    60.4 
       41       00    201503    3.47    56.2    1.48    1.48    3.06    1.48      40     250    1.81     .97    1.29      .6     .56     .35    -.19      45    67.4 
       41       00    201504    3.96    66.6     2.2     2.2     2.6     2.2     157      41    1.31    1.72    1.38    1.37     .88     .96      .1      55    78.1 
       41       00    201505    9.05    71.6    4.75    4.75    8.33    4.75     283       8    3.09    2.94    2.92    2.49    2.04    1.87       1    61.3    81.9 
       41       00    201506    3.72    79.3    5.13    5.13    2.62    5.13     463       0     .71    2.66    2.67    2.55       2    1.87    1.19    68.6    89.9 
       41       00    201507    1.85    83.2    5.16    5.16    1.68    5.16     598       0    -.42     .23    2.37     2.3    2.14    1.65    1.03    71.9    94.5 
       41       00    201508    1.43    83.3    4.19    4.19   -1.32    3.64     599       0    -.73     -.9    -.27    2.18    1.86    1.57    1.01    70.5    96.1 
       41       00    201509    1.43    79.2    2.82    2.82   -2.81    1.19     451       0   -1.16   -1.37   -1.32    1.48     1.7    1.26      .7    66.9    91.6 
       41       00    201510    6.17    69.2    3.86    3.86    3.99    3.64     218      24    1.82     .95      .5    1.97    2.13    2.08    1.09    56.8    81.6 
       41       00    201511    3.87    57.3    4.64    4.64    3.52    4.64      58     194     1.6    2.14    1.45     .98    2.51    2.31    1.42    46.3    68.3 
       41       00    201512    2.52    51.5    4.85    4.85    2.08    4.85      25     333     .87    1.57     2.1     .99    2.41    2.45    1.27    38.8    64.1 
